1 83 99 100 1 30 100 0 0 0 0 0 0
1 83 99 100 1 30 100 0 0 0 0 0 0
1 83 99 100 1 30 100 0 0 0 0 0 0
1 83 99 100 1 30 100 1 0 0 0 0 0
1 83 99 100 1 30 100 1 0 0 0 0 0
1 83 99 100 1 30 100 1 0 0 0 0 0
1 83 99 100 1 30 100 1 0 0 0 0 0
1 63 95 99 35 29 100 0 0 0 0 -1 0
1 63 95 99 35 30 100 0 0 0 0 0 0
1 63 95 99 35 30 100 0 0 0 0 0 0
1 63 99 61 819 71 100 0 0 -14 304 0 0
1 63 99 67 692 71 100 0 0 -8 178 0 0
1 63 99 71 603 71 100 0 0 -6 127 0 0
1 63 99 71 602 71 100 0 0 -7 137 0 0
1 63 99 73 572 71 100 0 0 -6 136 0 0
1 63 99 73 572 71 100 0 0 -8 167 0 0
1 63 99 74 537 71 100 0 0 -7 133 0 0
1 71 99 52 995 73 100 0 0 -48 995 0 0
1 71 99 100 1 73 100 0 0 0 1 0 0
1 71 99 100 1 73 100 0 0 0 1 0 0
1 71 99 100 0 73 100 0 0 0 0 0 0
1 71 99 100 0 73 100 0 0 0 0 0 0
1 71 99 100 0 73 100 0 0 0 0 0 0
1 71 99 100 0 73 100 0 0 0 0 0 0
1 47 99 17 1706 71 100 -27 0 -83 1706 0 0
1 49 99 93 158 71 100 -22 0 -7 158 0 0
1 49 99 93 158 71 100 -24 0 -7 158 0 0
1 47 99 100 3 71 100 -11 0 0 3 0 0
1 51 99 100 1 71 100 -10 0 0 1 0 0
1 66 99 100 0 71 100 5 0 0 0 0 0
1 64 99 100 0 71 100 2 0 0 0 0 0
1 61 99 73 572 73 100 -1 0 -17 352 0 0
1 57 99 79 431 73 100 -3 0 -12 240 0 0
1 67 99 81 405 73 100 17 0 -11 223 0 0
1 63 99 82 378 73 100 -6 0 -15 309 0 0
1 61 99 83 356 73 100 -10 0 -14 287 0 0
1 65 99 89 240 73 100 -5 0 -8 176 0 0
1 62 99 89 231 73 100 -6 0 -8 167 0 0
1 71 99 11 1830 72 100 0 0 -80 1636 0 0
1 71 99 65 720 72 100 0 0 -26 526 0 0
1 71 99 65 720 72 100 0 0 -26 526 0 0
1 71 99 84 343 72 100 0 0 -7 149 0 0
1 71 99 84 343 72 100 0 0 -7 149 0 0
1 71 99 86 289 72 100 0 0 -5 103 0 0
1 71 99 86 289 72 100 0 0 -5 103 0 0
1 54 99 1 2047 78 100 -17 0 -99 2036 0 0
1 61 99 100 11 78 100 -21 0 0 9 0 0
1 73 99 100 11 78 100 -9 0 0 9 0 0
1 71 99 100 11 78 100 -10 0 0 9 0 0
1 69 99 100 11 78 100 -11 0 0 9 0 0
1 67 99 100 11 78 100 -11 0 0 9 0 0
1 62 99 100 11 78 100 -11 0 0 9 0 0
1 75 99 61 805 79 100 -1 0 -2 34 0 0
1 83 99 62 798 79 100 8 0 -1 27 0 0
1 82 99 62 792 79 100 18 0 -1 23 0 0
1 81 99 62 785 79 100 -2 0 -1 16 0 0
1 81 99 62 785 79 100 -1 0 -1 22 0 0
1 80 99 62 781 79 100 -2 0 -2 23 0 0
1 78 99 63 775 79 100 -3 0 -1 17 0 0
1 43 99 100 0 70 100 -6 0 0 0 0 0
1 44 99 100 0 70 100 -8 0 0 0 0 0
1 44 99 100 0 70 100 -12 0 0 0 0 0
1 45 99 100 0 70 100 -11 0 0 0 0 0
1 45 99 100 0 70 100 -11 0 0 0 0 0
1 47 99 100 0 70 100 -9 0 0 0 0 0
1 49 99 100 0 70 100 -7 0 0 0 0 0
1 66 99 1 2083 72 100 0 0 -99 2078 0 0
1 66 99 66 700 72 100 0 0 -34 695 0 0
1 66 99 66 700 72 100 0 0 -34 695 0 0
1 66 99 94 132 72 100 0 0 -6 127 0 0
1 66 99 100 5 72 100 0 0 0 0 0 0
1 66 99 100 5 72 100 0 0 0 0 0 0
1 66 99 100 5 72 100 0 0 0 0 0 0
1 43 99 77 482 72 100 -19 0 0 0 0 0
1 51 99 77 482 72 100 -11 0 0 0 0 0
1 56 99 77 482 72 100 -6 0 0 0 0 0
1 57 99 77 482 72 100 -5 0 0 0 0 0
1 59 99 77 482 72 100 -3 0 0 0 0 0
1 62 99 77 482 72 100 0 0 0 0 0 0
1 62 99 77 482 72 100 0 0 0 0 0 0
1 43 99 100 11 78 100 -35 0 0 0 0 0
1 84 99 100 11 78 100 7 0 0 0 0 0
1 83 99 100 11 78 100 13 0 0 0 0 0
1 82 99 100 11 78 100 -2 0 0 0 0 0
1 81 99 100 11 78 100 -2 0 0 0 0 0
1 81 99 100 11 78 100 -1 0 0 0 0 0
1 79 99 100 11 78 100 -2 0 0 0 0 0
1 69 99 60 952 75 100 -7 0 -39 918 0 0
1 67 99 81 442 75 100 -11 0 -18 408 0 0
1 66 99 81 441 75 100 -8 0 -18 407 0 0
1 66 99 91 232 75 100 -5 0 -8 203 0 0
1 65 99 91 232 75 100 -16 0 -8 206 0 0
1 66 99 99 38 75 100 -14 0 0 12 0 0
1 75 99 99 38 75 100 -4 0 -1 15 0 0
1 43 99 100 7 82 100 -19 0 0 0 0 0
1 46 99 100 7 82 100 -15 0 0 0 0 0
1 51 99 100 7 82 100 -9 0 0 0 0 0
1 54 99 100 7 82 100 -7 0 0 0 0 0
1 55 99 100 7 82 100 -6 0 0 0 0 0
1 58 99 100 7 82 100 -5 0 0 0 0 0
1 58 99 100 7 82 100 -4 0 0 0 0 0
1 66 99 1 2047 81 100 -4 0 -67 1388 0 0
1 69 99 54 991 67 100 -13 0 -44 939 0 0
1 76 99 67 682 67 100 -5 0 -31 630 0 0
1 63 99 1 2047 81 100 -21 0 -99 2046 0 0
1 69 99 71 613 81 100 -14 0 -29 613 0 0
1 77 99 71 611 81 100 -6 0 -29 611 0 0
1 75 99 95 108 81 100 -8 0 -5 108 0 0
1 75 99 95 108 81 100 -7 0 -5 108 0 0
1 73 99 100 1 81 100 -9 0 0 1 0 0
1 66 99 100 1 81 100 -16 0 0 1 0 0
1 81 99 56 917 84 100 0 0 -25 523 0 0
1 81 99 66 709 84 100 0 0 -19 386 0 0
1 81 99 72 587 84 100 0 0 -16 334 0 0
1 81 99 72 587 84 100 0 0 -16 334 0 0
1 81 99 76 492 84 100 0 0 -15 294 0 0
1 81 99 78 468 84 100 0 0 -14 300 0 0
1 81 99 81 394 84 100 0 0 -13 263 0 0
1 43 99 100 0 75 100 -32 0 0 0 0 0
1 44 99 100 0 75 100 -30 0 0 0 0 0
1 45 99 100 0 75 100 -28 0 0 0 0 0
1 48 99 100 0 75 100 -25 0 0 0 0 0
1 49 99 100 0 75 100 -22 0 0 0 0 0
1 51 99 100 0 75 100 -21 0 0 0 0 0
1 76 99 100 0 75 100 4 0 0 0 0 0
1 83 99 1 2047 80 100 1 0 -99 2041 0 0
1 83 99 63 760 80 100 1 0 -37 754 0 0
1 83 99 63 760 80 100 1 0 -37 754 0 0
1 83 99 98 44 80 100 1 0 -2 39 0 0
1 83 99 98 44 80 100 1 0 -2 39 0 0
1 83 99 98 44 80 100 1 0 -2 39 0 0
1 82 99 100 9 80 100 0 0 0 4 0 0
1 43 99 100 8 77 100 -18 0 0 5 0 0
1 44 99 100 8 77 100 -17 0 0 6 0 0
1 44 99 100 8 77 100 -31 0 0 6 0 0
1 44 99 100 8 77 100 -30 0 0 6 0 0
1 47 99 100 7 77 100 -29 0 0 5 0 0
1 45 99 100 5 77 100 -37 0 0 3 0 0
1 59 99 100 3 77 100 -22 0 0 1 0 0
1 44 99 47 1094 76 100 -29 0 -51 1048 0 0
1 44 99 87 275 76 100 -29 0 -11 229 0 0
1 71 99 98 48 76 100 -3 0 0 4 0 0
1 71 99 98 48 76 100 -3 0 0 4 0 0
1 69 99 98 47 76 100 -5 0 0 3 0 0
1 67 99 98 47 76 100 -6 0 0 4 0 0
1 66 99 98 47 76 100 -6 0 0 4 0 0
1 72 99 61 819 80 100 2 0 -3 77 0 0
1 69 99 62 798 80 100 -4 0 -3 75 0 0
1 72 99 62 785 80 100 -3 0 -3 62 0 0
1 69 99 62 784 80 100 -7 0 -4 74 0 0
1 73 99 62 783 80 100 1 0 -4 75 0 0
1 73 99 63 763 80 100 0 0 -4 74 0 0
1 78 99 63 761 80 100 6 0 -4 73 0 0
1 41 99 100 5 75 100 -41 0 0 4 0 0
1 78 99 100 1 75 100 -3 0 0 0 0 0
1 73 99 100 1 75 100 1 0 0 0 0 0
1 82 99 100 1 75 100 4 0 0 -3 0 0
1 82 99 100 1 75 100 9 0 0 -3 0 0
1 82 99 100 1 75 100 0 0 0 -3 0 0
1 82 99 100 1 75 100 0 0 0 -3 0 0
1 75 99 59 846 79 100 2 0 -22 449 0 0
1 75 99 63 767 79 100 2 0 -20 404 0 0
1 74 99 69 654 79 100 2 0 -14 291 0 0
1 74 99 69 653 79 100 2 0 -14 301 0 0
1 74 99 73 567 79 100 2 0 -12 242 0 0
1 73 99 80 425 79 100 1 0 -5 100 0 0
1 73 99 80 425 79 100 1 0 -5 101 0 0
1 46 99 56 911 90 100 -2 0 -22 453 0 0
1 46 99 76 498 90 100 -3 0 -3 49 0 0
1 46 99 77 487 90 100 -3 0 -2 38 0 0
1 46 99 77 487 90 100 -3 0 -2 40 0 0
1 46 99 77 474 90 100 -4 0 -2 29 0 0
1 47 99 78 470 90 100 -4 0 -1 25 0 0
1 47 99 78 470 90 100 -4 0 -18 384 0 0
1 75 99 61 814 81 100 2 0 -2 40 0 0
1 75 99 62 794 81 100 3 0 -1 25 0 0
1 74 99 62 789 81 100 1 0 -1 21 0 0
1 75 99 62 788 81 100 1 0 -2 45 0 0
1 75 99 62 785 81 100 1 0 -2 42 0 0
1 72 99 62 785 81 100 -2 0 -4 74 0 0
1 67 99 62 781 81 100 -8 0 -4 78 0 0
1 68 99 48 1069 81 100 -6 0 -50 1021 0 0
1 72 99 71 614 81 100 -11 0 -27 570 0 0
1 76 99 71 609 81 100 -7 0 -27 565 0 0
1 81 99 88 266 81 100 -1 0 -10 225 0 0
1 80 99 97 65 81 100 -2 0 -2 27 0 0
1 78 99 97 65 81 100 -3 0 -2 27 0 0
1 77 99 98 55 81 100 -4 0 -1 17 0 0
1 82 99 60 821 81 100 13 0 -11 211 0 0
1 81 99 62 796 81 100 -2 0 -10 212 0 0
1 81 99 62 791 81 100 -1 0 -11 231 0 0
1 79 99 65 735 81 100 -3 0 -8 175 0 0
1 78 99 65 735 81 100 -4 0 -10 222 0 0
1 78 99 67 676 81 100 -3 0 -10 199 0 0
1 75 99 71 610 81 100 -5 0 -6 133 0 0
1 83 99 47 1094 84 100 1 0 -53 1093 0 0
1 83 99 100 1 84 100 1 0 0 0 0 0
1 83 99 100 1 84 100 1 0 0 0 0 0
1 82 99 100 1 84 100 0 0 0 0 0 0
1 82 99 100 1 84 100 0 0 0 0 0 0
1 82 99 100 1 84 100 0 0 0 0 0 0
1 82 99 100 1 84 100 0 0 0 0 0 0
1 83 99 93 906 83 100 0 0 0 367 0 0
1 83 99 93 539 83 100 0 0 0 0 0 0
1 83 99 93 539 83 100 0 0 0 0 0 0
1 83 99 93 539 83 100 0 0 0 0 0 0
1 83 99 93 539 83 100 0 0 0 0 0 0
1 83 99 93 539 83 100 0 0 0 0 0 0
1 83 99 93 539 83 100 0 0 0 0 0 0
1 61 99 66 1054 84 100 2 0 -14 288 0 0
1 61 99 79 798 84 100 2 0 -1 33 0 0
1 60 99 79 798 84 100 1 0 -1 33 0 0
1 60 99 79 796 84 100 1 0 -2 45 0 0
1 61 99 79 795 84 100 2 0 -2 46 0 0
1 59 99 80 777 84 100 0 0 -1 28 0 0
1 59 99 80 768 84 100 0 0 -1 20 0 0
1 75 99 64 968 84 100 0 0 -22 448 0 0
1 75 99 79 674 84 100 0 0 -9 183 0 0
1 75 99 83 590 84 100 0 0 -5 99 0 0
1 75 99 83 590 84 100 0 0 -6 122 0 0
1 75 99 85 541 84 100 0 0 -4 73 0 0
1 75 99 85 541 84 100 0 0 -6 125 0 0
1 75 99 86 525 84 100 0 0 -8 158 0 0
1 43 99 100 0 81 100 -14 0 0 0 0 0
1 45 99 100 0 81 100 -23 0 0 0 0 0
1 46 99 100 0 81 100 -26 0 0 0 0 0
1 48 99 100 0 81 100 -24 0 0 0 0 0
1 48 99 100 0 81 100 -33 0 0 0 0 0
1 48 99 100 0 81 100 -33 0 0 0 0 0
1 57 99 100 0 81 100 -24 0 0 0 0 0
1 43 99 100 0 81 100 -19 0 0 0 0 0
1 44 99 100 0 81 100 -19 0 0 0 0 0
1 45 99 100 0 81 100 -18 0 0 0 0 0
1 46 99 100 0 81 100 -16 0 0 0 0 0
1 47 99 100 0 81 100 -15 0 0 0 0 0
1 57 99 100 0 81 100 -5 0 0 0 0 0
1 62 99 100 0 81 100 0 0 0 0 0 0
1 42 100 100 0 81 100 -11 0 0 0 0 0
1 44 100 100 0 81 100 -23 0 0 0 0 0
1 47 100 100 0 81 100 -20 0 0 0 0 0
1 51 100 100 0 81 100 -15 0 0 0 0 0
1 63 100 100 0 81 100 -3 0 0 0 0 0
1 53 100 100 0 81 100 -13 0 0 0 0 0
1 52 100 100 0 81 100 -12 0 0 0 0 0
1 60 99 62 810 80 100 -18 0 -5 110 0 0
1 60 99 63 789 80 100 -17 0 -4 89 0 0
1 60 99 63 789 80 100 -19 0 -4 89 0 0
1 62 99 63 787 80 100 -17 0 -4 87 0 0
1 66 99 63 782 80 100 -13 0 -4 82 0 0
1 66 99 63 781 80 100 -13 0 -4 81 0 0
1 78 99 64 770 80 100 -1 0 -3 70 0 0
1 62 99 47 1100 78 100 1 0 -52 1078 0 0
1 62 99 92 183 78 100 1 0 -7 161 0 0
1 62 99 92 183 78 100 -20 0 -7 161 0 0
1 62 99 92 183 78 100 -19 0 -7 161 0 0
1 62 99 92 183 78 100 -22 0 -7 161 0 0
1 61 99 99 22 78 100 -22 0 0 0 0 0
1 61 99 99 22 78 100 -20 0 0 0 0 0
1 57 99 1 2047 62 100 -11 0 -98 2020 0 0
1 58 99 77 473 62 100 -20 0 -22 446 0 0
1 58 99 79 447 62 100 -17 0 -20 421 0 0
1 59 99 83 357 62 100 -22 0 -16 334 0 0
1 63 99 97 76 62 100 -18 0 -2 53 0 0
1 63 99 99 40 62 100 -17 0 0 17 0 0
1 69 99 99 27 62 100 -11 0 0 4 0 0
1 42 99 99 26 78 100 -8 0 -1 24 0 0
1 44 99 100 2 78 100 -17 0 0 0 0 0
1 44 99 100 2 78 100 -26 0 0 0 0 0
1 48 99 100 2 78 100 -22 0 0 0 0 0
1 50 99 100 2 78 100 -20 0 0 0 0 0
1 49 99 100 2 78 100 -21 0 0 0 0 0
1 49 99 100 2 78 100 -21 0 0 0 0 0
1 48 99 67 844 78 100 -24 0 -33 840 0 0
1 50 99 75 587 78 100 -22 0 -25 583 0 0
1 57 99 90 207 78 100 -15 0 -10 203 0 0
1 75 99 94 126 78 100 5 0 -6 122 0 0
1 75 99 100 4 78 100 6 0 0 0 0 0
1 74 99 100 4 78 100 6 0 0 0 0 0
1 74 99 100 4 78 100 8 0 0 0 0 0
1 77 99 61 801 81 100 2 0 -3 48 0 0
1 50 99 51 1022 80 100 4 0 -49 1022 0 0
1 52 99 100 0 80 100 6 0 0 0 0 0
1 51 99 100 0 80 100 -24 0 0 0 0 0
1 51 99 100 0 80 100 -33 0 0 0 0 0
1 50 99 100 0 80 100 -33 0 0 0 0 0
1 46 99 100 0 80 100 -36 0 0 0 0 0
1 47 99 100 0 80 100 -34 0 0 0 0 0
1 76 99 61 811 72 100 6 0 -3 66 0 0
1 77 99 62 795 72 100 -2 0 -2 54 0 0
1 78 99 62 795 72 100 -3 0 -2 54 0 0
1 82 99 62 793 72 100 4 0 -3 57 0 0
1 78 99 63 761 72 100 -2 0 -2 26 0 0
1 76 99 64 746 72 100 -3 0 -1 11 0 0
1 76 99 64 746 72 100 -3 0 -1 22 0 0
1 83 99 100 0 81 100 5 0 0 0 0 0
1 81 99 100 0 81 100 21 0 0 0 0 0
1 79 99 100 0 81 100 20 0 0 0 0 0
1 74 99 100 0 81 100 17 0 0 0 0 0
1 57 99 100 0 81 100 0 0 0 0 0 0
1 58 99 100 0 81 100 2 0 0 0 0 0
1 80 99 100 0 81 100 25 0 0 0 0 0
1 75 99 100 0 69 100 -6 0 0 0 0 0
1 75 99 100 0 69 100 -3 0 0 0 0 0
1 82 99 100 0 69 100 -1 0 0 0 0 0
1 82 99 100 0 69 100 0 0 0 0 0 0
1 78 99 100 0 69 100 -2 0 0 0 0 0
1 72 99 100 0 69 100 -10 0 0 0 0 0
1 82 99 100 0 69 100 1 0 0 0 0 0
1 69 99 61 812 73 100 -6 0 -5 105 0 0
1 75 99 63 771 73 100 -3 0 -3 65 0 0
1 76 99 64 754 73 100 -3 0 -3 63 0 0
1 76 99 64 752 73 100 -4 0 -4 77 0 0
1 79 99 64 744 73 100 0 0 -4 75 0 0
1 78 99 65 725 73 100 -2 0 -3 66 0 0
1 79 99 65 725 73 100 -1 0 -3 68 0 0
1 44 99 52 995 74 100 -3 0 -17 354 0 0
1 44 99 68 675 74 100 -3 0 -4 98 0 0
1 45 99 68 675 74 100 -6 0 -4 99 0 0
1 48 99 69 648 74 100 -3 0 -3 74 0 0
1 47 99 69 648 74 100 -3 0 -3 74 0 0
1 47 99 69 648 74 100 -5 0 -4 75 0 0
1 45 99 69 648 74 100 -11 0 -4 84 0 0
1 70 99 61 819 72 100 -7 0 -4 96 0 0
1 70 99 62 799 72 100 -6 0 -4 96 0 0
1 70 99 62 799 72 100 -6 0 -4 96 0 0
1 70 99 63 769 72 100 -5 0 -4 80 0 0
1 69 99 64 741 72 100 -5 0 -5 85 0 0
1 72 99 64 740 72 100 -1 0 -6 124 0 0
1 76 99 65 723 72 100 4 0 -5 107 0 0
1 65 99 61 812 80 100 21 0 -37 759 0 0
1 64 99 78 452 80 100 18 0 -20 399 0 0
1 49 99 87 277 80 100 2 0 -12 242 0 0
1 48 99 97 67 80 100 1 0 -2 32 0 0
1 47 99 98 55 80 100 1 0 -1 20 0 0
1 47 99 98 55 80 100 2 0 -1 20 0 0
1 45 99 98 55 80 100 -34 0 -1 20 0 0
1 78 99 64 847 81 100 0 0 -16 325 0 0
1 78 99 69 759 81 100 0 0 -14 300 0 0
1 78 99 72 692 81 100 1 0 -14 284 0 0
1 78 99 72 692 81 100 1 0 -14 284 0 0
1 78 99 76 600 81 100 1 0 -12 250 0 0
1 78 99 76 600 81 100 1 0 -12 250 0 0
1 78 99 80 522 81 100 1 0 -10 208 0 0
1 68 99 57 895 81 100 -11 0 -18 369 0 0
1 73 99 65 723 81 100 -6 0 -10 197 0 0
1 72 99 66 711 81 100 -4 0 -9 192 0 0
1 83 99 67 686 81 100 17 0 -10 201 0 0
1 82 99 69 640 81 100 -1 0 -9 177 0 0
1 81 99 73 554 81 100 -1 0 -5 92 0 0
1 80 99 74 537 81 100 -1 0 -5 91 0 0
1 62 99 59 841 79 100 -3 0 -8 148 0 0
1 62 99 61 800 79 100 -5 0 -6 107 0 0
1 63 99 62 795 79 100 -1 0 -5 102 0 0
1 64 99 62 788 79 100 1 0 -5 96 0 0
1 63 99 63 771 79 100 3 0 -4 82 0 0
1 65 99 65 723 79 100 8 0 -2 35 0 0
1 63 99 67 694 79 100 -3 0 -1 19 0 0
1 43 99 100 9 79 100 -21 0 0 0 0 0
1 45 99 100 9 79 100 -19 0 0 0 0 0
1 54 99 100 9 79 100 -18 0 0 0 0 0
1 63 99 100 9 79 100 -11 0 0 0 0 0
1 63 99 100 9 79 100 -9 0 0 0 0 0
1 68 99 100 9 79 100 -3 0 0 0 0 0
1 65 99 100 9 79 100 -5 0 0 0 0 0
1 53 99 54 984 81 100 -1 0 -26 525 0 0
1 54 99 80 465 81 100 1 0 0 6 0 0
1 59 99 80 465 81 100 6 0 0 9 0 0
1 58 99 80 465 81 100 5 0 0 9 0 0
1 59 99 80 465 81 100 6 0 0 12 0 0
1 57 99 80 459 81 100 4 0 0 12 0 0
1 63 99 80 459 81 100 11 0 0 12 0 0
1 75 99 59 850 75 100 0 0 -13 263 0 0
1 84 99 62 785 75 100 13 0 -10 198 0 0
1 83 99 62 784 75 100 0 0 -12 250 0 0
1 82 99 65 735 75 100 0 0 -9 201 0 0
1 81 99 68 676 75 100 0 0 -8 183 0 0
1 80 99 68 659 75 100 -1 0 -9 170 0 0
1 79 99 70 634 75 100 0 0 -10 212 0 0
1 55 99 43 1194 81 100 0 0 -57 1194 0 0
1 52 99 100 6 81 100 -2 0 0 6 0 0
1 52 99 100 6 81 100 -1 0 0 6 0 0
1 57 99 100 0 81 100 4 0 0 0 0 0
1 57 99 100 0 81 100 -19 0 0 0 0 0
1 57 99 100 0 81 100 -14 0 0 0 0 0
1 56 99 100 0 81 100 3 0 0 0 0 0
1 66 99 9 1864 81 100 -9 0 -85 1721 0 0
1 65 99 93 146 81 100 -8 0 -1 3 0 0
1 66 99 93 146 81 100 -6 0 -1 3 0 0
1 79 99 94 143 81 100 8 0 0 0 0 0
1 79 99 94 143 81 100 3 0 0 0 0 0
1 79 99 94 143 81 100 7 0 0 0 0 0
1 76 99 94 143 81 100 -7 0 0 0 0 0
1 69 100 75 513 80 100 -3 0 -7 142 0 0
1 69 100 77 490 80 100 -2 0 -5 119 0 0
1 69 100 82 371 80 100 -3 0 0 0 0 0
1 67 100 82 371 80 100 -4 0 0 0 1 0
1 72 100 82 371 80 100 0 0 0 0 1 0
1 71 100 82 371 80 100 -1 0 0 0 1 0
1 71 100 82 371 80 100 0 0 0 0 1 0
1 45 99 27 1514 65 100 -3 0 -73 1509 0 0
1 46 99 99 31 65 100 -2 0 -1 26 0 0
1 45 99 100 5 65 100 -3 0 0 0 0 0
1 47 99 100 5 65 100 -1 0 0 0 0 0
1 48 99 100 5 65 100 0 0 0 5 0 0
1 48 99 100 5 65 100 -1 0 0 5 0 0
1 48 99 100 5 65 100 -5 0 0 5 0 0
1 59 99 61 806 74 100 -9 0 -25 517 0 0
1 48 99 63 767 74 100 -24 0 -23 478 0 0
1 62 99 65 720 74 100 -6 0 -21 431 0 0
1 67 99 69 638 74 100 1 0 -17 349 0 0
1 66 99 69 636 74 100 2 0 -17 347 0 0
1 60 99 76 494 74 100 -13 0 -10 205 0 0
1 59 99 77 474 74 100 -13 0 -9 185 0 0
1 70 99 76 808 78 100 -6 0 -19 701 0 0
1 71 99 90 262 78 100 -5 0 -5 155 0 0
1 71 99 90 262 78 100 -5 0 -5 155 0 0
1 74 99 93 149 78 100 -2 0 -2 42 0 0
1 76 99 95 107 78 100 -2 0 -2 45 0 0
1 76 99 95 107 78 100 -2 0 -2 45 0 0
1 76 99 95 107 78 100 0 0 -2 45 0 0
1 56 99 100 0 71 100 -5 0 0 0 0 0
1 66 99 100 0 71 100 -1 0 0 0 0 0
1 57 99 100 0 71 100 -13 0 0 0 0 0
1 57 99 100 0 71 100 -3 0 0 0 0 0
1 58 99 100 0 71 100 -1 0 0 0 0 0
1 57 99 100 0 71 100 -2 0 0 0 0 0
1 59 99 100 0 71 100 1 0 0 0 0 0
1 54 99 11 1833 82 100 0 0 -88 1798 0 0
1 54 99 93 154 82 100 0 0 -6 119 0 0
1 54 99 93 147 82 100 0 0 -6 112 0 0
1 54 99 93 147 82 100 0 0 -6 112 0 0
1 54 99 94 133 82 100 0 0 -5 98 0 0
1 54 99 99 38 82 100 0 0 0 3 0 0
1 54 99 99 38 82 100 0 0 0 3 0 0
1 70 99 97 81 78 100 0 0 0 8 0 0
1 70 99 97 81 78 100 1 0 -1 33 0 0
1 70 99 97 78 78 100 1 0 -1 31 0 0
1 70 99 97 78 78 100 1 0 -1 33 0 0
1 70 99 97 78 78 100 1 0 -1 33 0 0
1 70 99 97 77 78 100 1 0 -1 32 0 0
1 70 99 97 77 78 100 1 0 -1 32 0 0
1 49 99 3 2047 78 100 -29 0 -77 1627 0 0
1 79 99 80 420 78 100 1 0 0 0 0 0
1 78 99 80 420 78 100 0 0 0 0 0 0
1 78 99 80 420 78 100 0 0 0 0 0 0
1 78 99 80 420 78 100 3 0 0 0 0 0
1 78 99 80 420 78 100 -6 0 0 0 0 0
1 78 99 80 420 78 100 -6 0 0 0 0 0
1 76 99 30 1454 72 100 -7 0 -48 983 0 0
1 78 99 70 632 72 100 -3 0 -18 383 0 0
1 76 99 70 632 72 100 -3 0 -22 461 0 0
1 74 99 70 632 72 100 -1 0 -22 461 0 0
1 75 99 70 632 72 100 0 0 -22 467 0 0
1 76 99 70 632 72 100 -5 0 -22 467 0 0
1 75 99 70 632 72 100 -6 0 -22 467 0 0
1 43 99 98 60 81 100 -1 0 -1 22 0 0
1 44 99 98 55 81 100 -1 0 -1 27 0 0
1 44 99 98 55 81 100 -1 0 -1 27 0 0
1 44 99 98 50 81 100 -1 0 -1 23 0 0
1 44 99 98 44 81 100 -1 0 -1 17 0 0
1 44 99 98 44 81 100 -1 0 -1 20 0 0
1 44 99 99 38 81 100 -1 0 0 16 0 0
1 64 99 62 807 81 100 0 0 -7 147 0 0
1 65 99 64 769 81 100 -3 0 -6 129 0 0
1 64 99 64 769 81 100 -4 0 -7 142 0 0
1 64 99 65 751 81 100 0 0 -6 124 0 0
1 64 99 65 750 81 100 -6 0 -6 125 0 0
1 64 99 69 668 81 100 -6 0 -2 43 0 0
1 64 99 69 660 81 100 -11 0 -2 37 0 0
1 43 99 84 336 79 100 -8 0 -13 274 0 0
1 52 99 93 148 79 100 1 0 -4 86 0 0
1 51 99 97 71 79 100 -2 0 -2 36 0 0
1 51 99 97 71 79 100 -2 0 -2 36 0 0
1 52 99 97 63 79 100 -1 0 -2 29 0 0
1 51 99 97 63 79 100 -2 0 -2 30 0 0
1 51 99 97 62 79 100 -3 0 -2 30 0 0
1 51 99 5 2047 79 100 -15 0 -92 1977 0 0
1 83 99 97 70 79 100 17 0 0 0 0 0
1 83 99 97 70 79 100 0 0 0 0 0 0
1 79 99 97 70 79 100 -3 0 0 0 0 0
1 78 99 97 70 79 100 -3 0 0 0 0 0
1 75 99 97 70 79 100 -5 0 0 0 0 0
1 73 99 97 70 79 100 -3 0 0 1 0 0
1 76 99 4 1983 79 100 -5 0 -96 1982 0 0
1 76 99 90 214 79 100 -5 0 -10 213 0 0
1 65 99 98 51 79 100 -16 0 -2 50 0 0
1 81 99 100 1 79 100 0 0 0 0 0 0
1 81 99 100 1 79 100 0 0 0 0 0 0
1 81 99 100 1 79 100 0 0 0 0 0 0
1 81 99 100 1 79 100 1 0 0 0 0 0
1 57 99 17 1770 74 100 6 0 -74 1572 0 0
1 48 99 72 591 74 100 -1 0 -19 393 0 0
1 48 99 77 490 74 100 1 0 -14 292 0 0
1 48 99 88 250 74 100 -9 0 -3 53 0 0
1 49 99 91 198 74 100 -12 0 0 1 0 0
1 49 99 91 198 74 100 -13 0 0 1 0 0
1 51 99 91 198 74 100 1 0 0 1 0 0
1 51 99 1 2047 81 100 -32 0 -99 2047 0 0
1 52 99 72 585 81 100 -29 0 -28 585 0 0
1 75 99 100 0 81 100 1 0 0 0 0 0
1 70 99 100 0 81 100 -13 0 0 0 0 0
1 81 99 100 0 81 100 0 0 0 0 0 0
1 78 99 100 0 81 100 0 0 0 0 0 0
1 76 99 100 0 81 100 7 0 0 0 0 0
1 43 99 100 0 79 100 -26 0 0 0 0 0
1 46 99 100 0 79 100 -23 0 0 0 0 0
1 51 99 100 0 79 100 -17 0 0 0 0 0
1 71 99 100 0 79 100 3 0 0 0 0 0
1 71 99 100 0 79 100 3 0 0 0 0 0
1 70 99 100 0 79 100 5 0 0 0 0 0
1 69 99 100 0 79 100 6 0 0 0 0 0
1 68 99 61 807 84 100 2 0 -3 56 0 0
1 71 99 62 797 84 100 7 0 -2 47 0 0
1 69 99 62 797 84 100 5 0 -2 50 0 0
1 63 99 62 792 84 100 -3 0 -2 47 0 0
1 61 99 62 785 84 100 -4 0 -3 56 0 0
1 64 99 63 759 84 100 -5 0 -3 49 0 0
1 64 99 64 757 84 100 -5 0 -2 48 0 0
1 52 99 47 1092 80 100 -26 0 -27 550 0 0
1 59 99 62 796 80 100 -18 0 -12 254 0 0
1 82 99 74 542 80 100 6 0 0 0 0 0
1 81 99 74 542 80 100 6 0 0 0 0 0
1 81 99 74 542 80 100 6 0 0 0 0 0
1 78 99 74 542 80 100 4 0 0 0 0 0
1 76 99 74 542 80 100 -2 0 0 0 0 0
1 54 99 51 1010 74 100 -25 0 -37 751 0 0
1 56 99 66 703 74 100 -16 0 -22 444 0 0
1 58 99 77 487 74 100 -15 0 -11 228 0 0
1 58 99 78 454 74 100 -14 0 -10 195 0 0
1 65 99 86 298 74 100 -5 0 -2 39 0 0
1 82 99 88 259 74 100 9 0 0 0 0 0
1 82 99 88 259 74 100 23 0 0 0 0 0
1 43 99 100 2 79 100 -12 0 0 2 0 0
1 51 99 100 0 79 100 -3 0 0 0 0 0
1 55 99 100 0 79 100 2 0 0 0 0 0
1 55 99 100 0 79 100 2 0 0 0 0 0
1 69 99 100 0 79 100 16 0 0 0 0 0
1 75 99 100 0 79 100 24 0 0 0 0 0
1 72 99 100 0 79 100 28 0 0 0 0 0
1 73 99 1 2047 81 100 -5 0 -84 1724 0 0
1 72 99 82 380 81 100 -3 0 -3 63 0 0
1 72 99 82 380 81 100 -2 0 -3 63 0 0
1 68 99 84 331 81 100 -8 0 -1 16 0 0
1 74 99 84 331 81 100 -1 0 -1 18 0 0
1 78 99 85 323 81 100 3 0 0 14 0 0
1 78 99 85 323 81 100 3 0 0 14 0 0
1 35 99 97 72 76 100 -31 0 -3 53 0 0
1 63 99 97 66 76 100 -3 0 -3 48 0 0
1 66 99 100 19 76 100 3 0 0 1 0 0
1 67 99 100 19 76 100 -2 0 0 1 0 0
1 67 99 100 19 76 100 -1 0 0 1 0 0
1 67 99 100 19 76 100 -1 0 0 1 0 0
1 66 99 100 19 76 100 -1 0 0 1 0 0
1 70 99 2 2047 73 100 0 0 -90 1848 0 0
1 74 99 87 306 73 100 1 0 -11 225 0 0
1 78 99 87 306 73 100 -5 0 -11 249 0 0
1 69 99 89 258 73 100 -12 0 -9 201 0 0
1 75 99 91 224 73 100 -5 0 -7 167 0 0
1 71 99 91 223 73 100 -8 0 -7 166 0 0
1 72 99 92 200 73 100 -6 0 -6 143 0 0
1 78 99 26 1516 81 100 -1 0 -74 1509 0 0
1 47 99 75 815 79 100 -34 0 -25 814 0 0
1 47 99 78 666 79 100 -34 0 -22 665 0 0
1 47 99 78 648 79 100 -34 0 -22 647 0 0
1 47 99 79 630 79 100 -34 0 -21 629 0 0
1 48 99 79 620 79 100 -33 0 -21 619 0 0
1 52 99 79 609 79 100 -29 0 -21 608 0 0
1 81 99 100 1 79 100 0 0 0 0 0 0
1 41 99 100 1 78 100 -38 0 0 0 0 0
1 61 99 100 1 78 100 -16 0 0 0 0 0
1 62 99 100 1 78 100 3 0 0 0 0 0
1 63 99 100 1 78 100 6 0 0 0 0 0
1 67 99 100 1 78 100 8 0 0 0 0 0
1 63 99 100 1 78 100 -10 0 0 0 0 0
1 60 99 100 1 78 100 3 0 0 0 0 0
1 81 99 35 1332 78 100 0 0 -32 636 0 0
1 84 99 63 769 78 100 8 0 -4 76 0 0
1 81 99 63 769 78 100 -1 0 -4 76 0 0
1 76 99 65 735 78 100 -2 0 -2 42 0 0
1 82 99 65 735 78 100 -1 0 -2 42 0 0
1 79 99 66 713 78 100 -3 0 -1 20 0 0
1 83 99 67 696 78 100 3 0 0 3 0 0
1 50 99 1 2047 80 100 -33 0 -99 2047 0 0
1 55 99 79 449 80 100 -27 0 -21 449 0 0
1 57 99 90 229 80 100 -24 0 -10 229 0 0
1 79 99 100 0 80 100 -1 0 0 0 0 0
1 78 99 100 0 80 100 0 0 0 0 0 0
1 76 99 100 0 80 100 0 0 0 0 0 0
1 69 99 100 0 80 100 -6 0 0 0 0 0
1 39 99 90 211 79 100 -45 0 0 3 0 0
1 80 99 90 208 79 100 -3 0 0 0 0 0
1 78 99 90 208 79 100 -3 0 0 0 0 0
1 74 99 90 208 79 100 -9 0 0 0 0 0
1 72 99 90 208 79 100 -9 0 0 0 0 0
1 82 99 90 208 79 100 13 0 0 0 0 0
1 78 99 90 208 79 100 -3 0 0 0 0 0
1 79 99 100 0 72 100 6 0 0 0 0 0
1 78 99 100 0 72 100 5 0 0 0 0 0
1 76 99 100 0 72 100 3 0 0 0 0 0
1 76 99 100 0 72 100 7 0 0 0 0 0
1 76 99 100 0 72 100 10 0 0 0 0 0
1 72 99 100 0 72 100 6 0 0 0 0 0
1 76 99 100 0 72 100 10 0 0 0 0 0
1 57 99 53 991 81 100 -24 0 -14 270 0 0
1 63 99 65 761 81 100 -15 0 -2 44 0 0
1 75 99 66 733 81 100 -2 0 -1 16 0 0
1 84 99 66 733 81 100 13 0 -1 21 0 0
1 83 99 66 732 81 100 15 0 -1 20 0 0
1 81 99 66 726 81 100 -2 0 -1 18 0 0
1 81 99 67 722 81 100 0 0 0 17 0 0
1 42 99 100 16 79 100 -11 0 0 14 0 0
1 47 99 100 11 79 100 -16 0 0 9 0 0
1 49 99 100 11 79 100 -13 0 0 9 0 0
1 55 99 100 11 79 100 -7 0 0 9 0 0
1 55 99 100 2 79 100 -7 0 0 0 0 0
1 53 99 100 2 79 100 -10 0 0 0 0 0
1 49 99 100 2 79 100 -14 0 0 0 0 0
1 69 99 1 2047 81 100 -7 0 -99 2038 0 0
1 69 99 95 114 81 100 -11 0 -5 109 0 0
1 73 99 95 112 81 100 -5 0 -5 109 0 0
1 74 99 100 15 81 100 -3 0 0 12 0 0
1 73 99 100 13 81 100 0 0 0 10 0 0
1 75 99 100 10 81 100 1 0 0 7 0 0
1 76 99 100 10 81 100 2 0 0 7 0 0
1 43 99 98 60 81 100 -11 0 -2 58 0 0
1 45 99 98 47 81 100 -10 0 -2 45 0 0
1 46 99 99 24 81 100 -9 0 -1 22 0 0
1 46 99 99 23 81 100 -9 0 -1 22 0 0
1 49 99 100 6 81 100 -7 0 0 5 0 0
1 50 99 100 3 81 100 -6 0 0 2 0 0
1 53 99 100 2 81 100 -5 0 0 1 0 0
1 52 99 58 874 80 100 -6 0 -14 282 0 0
1 59 99 62 792 80 100 1 0 -12 235 0 0
1 58 99 63 781 80 100 1 0 -11 225 0 0
1 58 99 64 760 80 100 -2 0 -15 301 0 0
1 57 99 64 760 80 100 -4 0 -16 332 0 0
1 57 99 67 700 80 100 -7 0 -16 334 0 0
1 57 99 67 689 80 100 -15 0 -18 359 0 0
1 81 99 61 811 76 100 1 0 -11 223 0 0
1 78 99 63 781 76 100 0 0 -10 220 0 0
1 76 99 63 773 76 100 -2 0 -10 212 0 0
1 65 99 65 732 76 100 -10 0 -9 194 0 0
1 81 99 66 709 76 100 -2 0 -10 201 0 0
1 82 99 70 616 76 100 -1 0 -6 108 0 0
1 81 99 70 616 76 100 -1 0 -6 108 0 0
1 43 99 98 42 66 100 -4 0 -1 2 0 0
1 44 99 98 42 66 100 -3 0 -1 2 0 0
1 44 99 98 42 66 100 -2 0 -1 2 0 0
1 45 99 98 42 66 100 -1 0 -1 3 0 0
1 47 99 98 41 66 100 1 0 -1 2 0 0
1 81 99 100 828 75 100 2 0 0 822 0 0
1 81 99 100 6 75 100 2 0 0 0 0 0
1 81 99 100 6 75 100 3 0 0 0 0 0
1 79 99 100 6 75 100 1 0 0 0 -3 0
1 79 99 100 6 75 100 1 0 0 0 -3 0
1 79 99 100 6 75 100 1 0 0 0 -3 0
1 79 99 100 6 75 100 1 0 0 0 -3 0
1 42 99 100 7 69 100 -20 0 0 0 0 0
1 44 99 100 7 69 100 -18 0 0 0 0 0
1 44 99 100 7 69 100 -18 0 0 0 0 0
1 46 99 100 7 69 100 -16 0 0 0 0 0
1 47 99 100 7 69 100 -15 0 0 0 0 0
1 49 99 100 7 69 100 -13 0 0 0 0 0
1 52 99 100 7 69 100 -10 0 0 0 0 0
1 42 99 100 0 78 100 -15 0 0 0 0 0
1 49 99 100 0 78 100 -8 0 0 0 0 0
1 51 99 100 0 78 100 -6 0 0 0 0 0
1 56 99 100 0 78 100 -14 0 0 0 0 0
1 57 99 100 0 78 100 -13 0 0 0 0 0
1 60 99 100 0 78 100 -13 0 0 0 0 0
1 58 99 100 0 78 100 -15 0 0 0 0 0
1 73 99 39 1261 78 100 0 0 -57 1169 0 0
1 73 99 86 303 78 100 0 0 -10 212 0 0
1 73 99 95 120 78 100 -1 0 -1 29 0 0
1 73 99 95 120 78 100 -1 0 -1 30 0 0
1 73 99 95 110 78 100 -1 0 -1 20 0 0
1 73 99 96 95 78 100 -1 0 0 7 0 0
1 73 99 96 95 78 100 -1 0 0 7 0 0
1 60 99 36 1324 81 100 -22 0 -63 1287 0 0
1 70 99 62 783 81 100 -11 0 -37 746 0 0
1 69 99 62 783 81 100 -12 0 -37 746 0 0
1 83 99 99 37 81 100 2 0 0 0 0 0
1 83 99 99 37 81 100 3 0 0 0 0 0
1 82 99 99 37 81 100 2 0 0 0 0 0
1 82 99 99 37 81 100 3 0 0 0 0 0
1 68 99 61 813 78 100 -5 0 -1 16 0 0
1 68 99 61 800 78 100 -5 0 -1 3 0 0
1 68 99 61 799 78 100 -5 0 -1 2 0 0
1 68 99 61 799 78 100 -5 0 -1 3 0 0
1 68 99 61 799 78 100 -5 0 -1 4 0 0
1 68 99 62 798 78 100 -5 0 0 3 0 0
1 68 99 62 798 78 100 -5 0 0 5 0 0
1 54 99 61 811 81 100 0 0 -32 648 0 0
1 53 99 65 726 81 100 -3 0 -32 654 0 0
1 53 99 72 586 81 100 -10 0 -27 554 0 0
1 53 99 72 575 81 100 -30 0 -28 559 0 0
1 54 99 83 354 81 100 -28 0 -17 338 0 0
1 54 99 87 281 81 100 -28 0 -13 265 0 0
1 54 99 89 236 81 100 -27 0 -11 221 0 0
1 51 99 57 887 81 100 -31 0 -43 886 0 0
1 75 99 100 1 81 100 -6 0 0 0 0 0
1 81 99 100 1 81 100 2 0 0 0 0 0
1 79 99 100 1 81 100 2 0 0 0 0 0
1 77 99 100 1 81 100 2 0 0 0 0 0
1 72 99 100 1 81 100 -11 0 0 0 0 0
1 84 99 100 1 81 100 2 0 0 0 0 0
1 42 99 100 0 75 100 -9 0 0 0 -3 0
1 48 99 100 0 78 100 -3 0 0 0 0 0
1 48 99 100 0 78 100 -6 0 0 0 0 0
1 48 99 100 0 78 100 -6 0 0 0 0 0
1 50 99 100 0 78 100 -7 0 0 0 0 0
1 51 99 100 0 78 100 -6 0 0 0 0 0
1 51 99 100 0 78 100 -7 0 0 0 0 0
1 49 99 22 1612 80 100 -24 0 -78 1604 0 0
1 52 99 97 68 80 100 -19 0 -3 62 0 0
1 55 99 98 60 80 100 -23 0 -2 54 0 0
1 56 99 100 14 80 100 -21 0 0 12 0 0
1 55 99 100 14 80 100 -14 0 0 13 0 0
1 63 99 100 14 80 100 -16 0 0 13 0 0
1 72 99 100 14 80 100 -4 0 0 13 0 0
1 43 99 100 5 81 100 -23 0 0 5 0 0
1 45 99 100 2 81 100 -21 0 0 2 0 0
1 52 99 100 0 81 100 -15 0 0 0 0 0
1 64 99 100 0 81 100 -4 0 0 0 0 0
1 65 99 100 0 81 100 -7 0 0 0 0 0
1 66 99 100 0 81 100 -15 0 0 0 0 0
1 66 99 100 0 81 100 -15 0 0 0 0 0
1 81 99 1 2047 81 100 1 0 -99 2035 0 0
1 81 99 100 14 81 100 1 0 0 3 0 0
1 81 99 100 14 81 100 1 0 0 3 0 0
1 81 99 100 14 81 100 1 0 0 4 0 0
1 81 99 100 12 81 100 1 0 0 2 0 0
1 81 99 100 12 81 100 1 0 0 2 0 0
1 80 99 100 12 81 100 1 0 0 2 0 0
1 43 99 100 0 78 100 -35 0 0 0 0 0
1 48 99 100 0 78 100 -30 0 0 0 0 0
1 52 99 100 0 78 100 -26 0 0 0 0 0
1 66 99 100 0 78 100 -12 0 0 0 0 0
1 78 99 100 0 78 100 0 0 0 0 0 0
1 78 99 100 0 78 100 0 0 0 0 0 0
1 78 99 100 0 78 100 0 0 0 0 0 0
1 61 99 25 2047 83 100 -4 0 -74 2012 0 0
1 61 99 97 69 83 100 -4 0 -2 34 0 0
1 69 99 99 35 83 100 4 0 0 0 0 0
1 69 99 99 35 83 100 5 0 0 0 0 0
1 69 99 99 35 83 100 6 0 0 2 0 0
1 68 99 99 35 83 100 5 0 0 2 0 0
1 66 99 99 35 83 100 3 0 0 2 0 0
1 42 99 99 65 81 100 -22 0 -1 50 0 0
1 53 99 99 34 81 100 -11 0 -1 19 0 0
1 68 99 100 17 81 100 5 0 0 2 0 0
1 68 99 100 17 81 100 5 0 0 2 0 0
1 66 99 100 16 81 100 -4 0 0 1 0 0
1 66 99 100 15 81 100 5 0 0 2 0 0
1 65 99 100 15 81 100 3 0 0 3 0 0
1 73 99 47 1091 65 100 0 0 -37 739 0 0
1 57 99 54 950 87 100 -4 0 -13 260 0 0
1 74 99 62 791 87 100 12 0 -8 160 0 0
1 67 99 62 787 87 100 0 0 -11 219 0 0
1 65 99 64 756 87 100 -1 0 -9 188 0 0
1 66 99 64 750 87 100 -14 0 -12 240 0 0
1 64 99 66 716 87 100 -9 0 -10 214 0 0
1 63 99 66 716 87 100 2 0 -11 240 0 0
1 75 99 61 803 81 100 -5 0 -3 49 0 0
1 74 99 62 784 81 100 -5 0 -2 30 0 0
1 72 99 62 784 81 100 -4 0 -2 42 0 0
1 83 99 63 778 81 100 11 0 -2 42 0 0
1 83 99 63 770 81 100 -1 0 -2 34 0 0
1 82 99 63 770 81 100 -1 0 -2 37 0 0
1 81 99 63 761 81 100 -1 0 -2 28 0 0
1 43 99 100 20 78 100 -12 0 0 8 0 0
1 44 99 100 20 78 100 -11 0 0 8 0 0
1 46 99 100 12 78 100 -9 0 0 0 0 0
1 56 99 63 840 83 100 0 0 -19 392 0 0
1 56 99 69 716 83 100 0 0 -16 329 0 0
1 56 99 73 635 83 100 0 0 -15 316 0 0
1 56 99 74 604 83 100 0 0 -15 295 0 0
1 56 99 77 545 83 100 0 0 -12 236 0 0
1 56 99 78 531 83 100 0 0 -14 286 0 0
1 56 99 81 463 83 100 0 0 -11 218 0 0
1 58 99 46 1139 81 100 -2 0 -54 1125 0 0
1 57 99 93 168 81 100 -3 0 -7 154 0 0
1 61 99 98 56 81 100 1 0 -2 42 0 0
1 60 99 100 18 81 100 0 0 0 4 0 0
1 60 99 100 18 81 100 0 0 0 4 0 0
1 60 99 100 17 81 100 0 0 0 3 0 0
1 60 99 100 17 81 100 0 0 0 3 0 0
1 42 99 100 5 78 100 -26 0 0 5 0 0
1 44 99 100 5 78 100 -24 0 0 5 0 0
1 44 99 100 5 78 100 -26 0 0 5 0 0
1 46 99 100 0 78 100 -29 0 0 0 0 0
1 46 99 100 0 78 100 -37 0 0 0 0 0
1 48 99 100 0 78 100 -35 0 0 0 0 0
1 52 99 100 0 78 100 -31 0 0 0 0 0
1 81 99 1 2047 81 100 0 0 -99 2027 0 0
1 81 99 98 59 81 100 0 0 -2 39 0 0
1 81 99 98 59 81 100 0 0 -2 39 0 0
1 81 99 100 20 81 100 0 0 0 0 0 0
1 81 99 100 20 81 100 0 0 0 0 0 0
1 81 99 100 20 81 100 0 0 0 0 0 0
1 81 99 100 20 81 100 0 0 0 0 0 0
1 42 99 100 16 81 100 -6 0 0 0 0 0
1 48 99 100 16 81 100 0 0 0 0 0 0
1 47 99 100 16 81 100 -1 0 0 0 0 0
1 46 99 100 16 81 100 -2 0 0 0 0 0
1 46 99 100 16 81 100 -1 0 0 0 0 0
1 46 99 100 16 81 100 1 0 0 0 0 0
1 48 99 100 16 81 100 2 0 0 0 0 0
1 56 99 59 853 73 100 1 0 -30 611 0 0
1 55 99 64 775 73 100 1 0 -25 533 0 0
1 60 99 76 507 73 100 -19 0 -24 506 0 0
1 63 99 81 394 73 100 -15 0 -19 393 0 0
1 65 99 82 384 73 100 -13 0 -18 383 0 0
1 64 99 83 365 73 100 -18 0 -17 365 0 0
1 58 99 88 251 73 100 -25 0 -12 251 0 0
1 56 99 100 1926 78 100 -26 0 0 1921 0 0
1 56 99 100 749 78 100 -26 0 0 744 0 0
1 56 99 100 567 78 100 -22 0 0 562 0 0
1 56 99 100 458 78 100 -22 0 0 453 0 0
1 57 99 100 126 78 100 -21 0 0 121 0 0
1 66 99 100 14 78 100 -12 0 0 9 0 0
1 77 99 100 12 78 100 -1 0 0 7 0 0
1 78 99 1 2047 76 100 3 0 -99 2046 0 0
1 71 99 97 73 76 100 -7 0 -3 73 0 0
1 83 99 97 73 76 100 7 0 -3 73 0 0
1 75 99 99 22 76 100 -4 0 -1 22 0 0
1 78 99 99 22 76 100 -3 0 -1 22 0 0
1 78 99 100 9 76 100 2 0 0 9 0 0
1 80 99 100 1 76 100 -1 0 0 1 0 0
1 78 99 100 0 79 100 9 0 0 0 1 0
1 77 99 100 0 79 100 10 0 0 0 1 0
1 73 99 100 0 79 100 8 0 0 0 1 0
1 78 99 100 0 79 100 19 0 0 0 1 0
1 75 99 100 0 79 100 17 0 0 0 1 0
1 69 99 100 0 79 100 12 0 0 0 1 0
1 69 99 100 0 78 100 11 0 0 0 0 0
1 43 99 99 40 79 100 -3 0 0 10 0 0
1 44 99 99 39 79 100 -4 0 0 9 0 0
1 44 99 99 39 79 100 -8 0 0 9 0 0
1 44 99 99 39 79 100 -8 0 0 9 0 0
1 45 99 99 37 79 100 -24 0 0 7 0 0
1 45 99 99 37 79 100 -11 0 0 7 0 0
1 45 99 99 35 79 100 -10 0 0 5 0 0
1 80 99 56 920 80 100 0 0 -29 603 0 0
1 80 99 71 608 80 100 0 0 -15 300 0 0
1 80 99 71 608 80 100 0 0 -15 300 0 0
1 80 99 72 575 80 100 0 0 -14 267 0 0
1 63 99 57 888 80 100 -12 0 -26 522 0 0
1 63 99 65 722 80 100 -4 0 -18 364 0 0
1 70 99 66 699 80 100 1 0 -18 354 0 0
1 66 99 74 534 80 100 -2 0 -12 242 0 0
1 67 99 75 529 80 100 2 0 -11 237 0 0
1 71 99 77 487 80 100 5 0 -11 239 0 0
1 76 99 81 401 80 100 6 0 -7 153 0 0
1 81 99 91 195 79 100 1 0 0 0 0 0
1 80 99 91 195 79 100 4 0 0 0 0 0
1 79 99 91 195 79 100 7 0 0 0 0 0
1 75 99 91 195 79 100 -8 0 0 0 0 0
1 83 99 91 195 79 100 2 0 0 0 0 0
1 82 99 91 195 79 100 1 0 0 0 0 0
1 81 99 91 195 79 100 6 0 0 0 0 0
1 64 99 90 1305 79 100 -11 0 -10 1305 0 0
1 64 99 100 5 79 100 -11 0 0 5 0 0
1 75 99 100 0 79 100 0 0 0 0 0 0
1 75 99 100 0 79 100 0 0 0 0 0 0
1 75 99 100 0 79 100 0 0 0 0 0 0
1 75 99 100 0 79 100 0 0 0 0 0 0
1 75 99 100 0 79 100 0 0 0 0 0 0
1 80 99 58 868 79 100 -1 0 -21 419 0 0
1 79 99 78 463 79 100 0 0 -1 14 0 0
1 78 99 78 463 79 100 0 0 -1 14 0 0
1 75 99 78 463 79 100 3 0 -1 14 0 0
1 72 99 78 463 79 100 -11 0 -1 14 0 0
1 82 99 78 463 79 100 0 0 -2 43 0 0
1 81 99 78 463 79 100 0 0 -2 43 0 0
1 82 99 95 119 76 100 1 0 0 1 0 0
1 71 99 95 119 76 100 -7 0 0 1 0 0
1 82 99 95 119 76 100 2 0 0 1 0 0
1 82 99 95 119 76 100 10 0 0 1 0 0
1 81 99 95 119 76 100 -1 0 0 1 0 0
1 72 99 95 119 76 100 -7 0 0 1 0 0
1 83 99 95 119 76 100 11 0 0 1 0 0
1 78 99 100 10 81 100 31 0 0 0 0 0
1 79 99 100 10 81 100 32 0 0 0 0 0
1 46 99 100 10 81 100 0 0 0 0 0 0
1 46 99 100 10 81 100 1 0 0 0 0 0
1 47 99 100 10 81 100 -29 0 0 3 0 0
1 47 99 100 10 81 100 -26 0 0 3 0 0
1 46 99 100 10 81 100 -23 0 0 3 0 0
1 43 99 65 723 81 100 -12 0 -5 101 0 0
1 46 99 68 673 81 100 -9 0 -3 60 0 0
1 54 99 68 670 81 100 2 0 -3 76 0 0
1 54 99 69 649 81 100 -1 0 -3 57 0 0
1 57 99 69 639 81 100 3 0 -3 53 0 0
1 57 99 69 638 81 100 4 0 -3 58 0 0
1 56 99 70 624 81 100 2 0 -2 44 0 0
1 45 99 1 2047 83 100 -4 0 -79 1612 0 0
1 47 99 79 447 83 100 -2 0 -1 12 0 0
1 47 99 80 435 83 100 -2 0 0 0 0 0
1 47 99 80 435 83 100 -5 0 0 5 0 0
1 48 99 80 435 83 100 -8 0 -1 21 0 0
1 48 99 80 435 83 100 -16 0 -1 21 0 0
1 48 99 80 435 83 100 -16 0 -1 21 0 0
1 39 99 100 1 78 100 -45 0 0 0 0 0
1 56 99 100 1 78 100 -28 0 0 0 0 0
1 81 99 100 1 78 100 -2 0 0 0 0 0
1 81 99 100 1 78 100 -2 0 0 0 0 0
1 81 99 100 1 78 100 -2 0 0 0 0 0
1 84 99 100 1 78 100 1 0 0 0 0 0
1 84 99 100 1 78 100 1 0 0 0 0 0
1 43 99 100 1 83 100 -14 0 0 0 0 0
1 44 99 100 1 83 100 -14 0 0 0 0 0
1 44 99 100 1 83 100 -15 0 0 0 0 0
1 45 99 100 1 83 100 -14 0 0 0 0 0
1 47 99 100 1 83 100 -12 0 0 0 0 0
1 56 99 100 1 83 100 -3 0 0 0 0 0
1 57 99 100 1 83 100 -2 0 0 0 0 0
1 60 99 1 2047 78 100 -15 0 -89 1838 0 0
1 60 99 89 238 78 100 -15 0 -1 29 0 0
1 60 99 89 238 78 100 -15 0 -1 31 0 0
1 75 99 90 209 78 100 0 0 0 2 0 0
1 75 99 90 209 78 100 0 0 0 3 0 0
1 75 99 90 209 78 100 0 0 0 3 0 0
1 75 99 90 209 78 100 0 0 0 3 0 0
1 83 95 61 815 83 100 16 0 -7 143 0 0
1 82 95 62 786 83 100 -2 0 -6 114 0 0
1 81 95 65 732 83 100 -2 0 -3 60 0 0
1 81 95 65 718 83 100 -1 0 -3 46 0 0
1 79 95 66 708 83 100 -2 0 -2 37 0 0
1 78 95 68 675 83 100 -3 0 0 5 0 0
1 75 95 68 674 83 100 -4 0 0 4 0 0
1 42 99 100 18 81 100 -27 0 0 2 1 0
1 44 99 100 18 81 100 -5 0 0 2 1 0
1 47 99 100 17 80 100 -25 0 0 1 0 0
1 49 99 100 17 80 100 0 0 0 1 0 0
1 48 99 100 17 80 100 1 0 0 1 0 0
1 49 99 100 16 80 100 -1 0 0 0 0 0
1 48 99 100 16 80 100 1 0 0 0 0 0
1 47 99 94 813 80 100 -12 0 -6 558 0 0
1 48 99 95 795 80 100 -13 0 -5 728 0 0
1 49 99 96 734 80 100 -11 0 -4 667 0 0
1 75 99 72 819 81 100 5 0 -2 76 0 0
1 75 99 72 798 81 100 6 0 -2 55 0 0
1 74 99 72 798 81 100 7 0 -3 89 0 0
1 74 99 72 785 81 100 11 0 -3 76 0 0
1 73 99 72 785 81 100 17 0 -3 85 0 0
1 72 99 73 774 81 100 16 0 -2 78 0 0
1 71 99 73 756 81 100 15 0 -2 60 0 0
1 60 99 55 927 81 100 -15 0 -40 817 0 0
1 60 99 64 742 81 100 -12 0 -31 632 0 0
1 61 99 64 741 81 100 7 0 -33 665 0 0
1 69 99 68 671 81 100 16 0 -30 618 0 0
1 69 99 87 282 81 100 17 0 -12 247 0 0
1 68 99 92 178 81 100 16 0 -7 143 0 0
1 77 99 92 178 81 100 26 0 -8 165 0 0
1 51 99 59 844 51 100 0 0 -10 206 0 0
1 51 99 66 701 51 100 0 0 -4 75 0 0
1 51 99 66 701 51 100 0 0 -4 75 0 0
1 51 99 68 663 51 100 0 0 -4 72 0 0
1 51 99 69 642 51 100 0 0 -6 114 0 0
1 51 99 69 642 51 100 0 0 -6 114 0 0
1 51 99 69 638 51 100 0 0 -22 450 -1 0
1 42 99 99 28 65 100 -36 0 0 6 0 0
1 44 99 99 28 65 100 -33 0 0 6 0 0
1 82 99 99 22 65 100 7 0 0 0 0 0
1 82 99 99 22 65 100 8 0 0 0 0 0
1 81 99 99 22 65 100 -3 0 0 0 0 0
1 81 99 99 22 65 100 -2 0 0 0 0 0
1 80 99 99 22 65 100 -3 0 0 0 0 0
1 43 99 98 52 81 100 -21 0 0 0 0 0
1 44 99 98 52 81 100 -22 0 0 1 0 0
1 46 99 98 52 81 100 -27 0 0 1 0 0
1 54 99 98 52 81 100 -19 0 0 1 0 0
1 56 99 98 52 81 100 -16 0 0 1 0 0
1 59 99 98 52 81 100 -14 0 0 1 0 0
1 62 99 98 52 81 100 -13 0 0 1 0 0
1 39 99 96 104 81 100 -25 0 0 20 0 0
1 78 99 96 87 81 100 14 0 0 3 0 0
1 78 99 96 86 81 100 15 0 0 3 0 0
1 77 99 96 85 81 100 14 0 0 2 0 0
1 76 99 96 85 81 100 13 0 0 3 0 0
1 66 99 96 85 81 100 -5 0 0 3 0 0
1 65 99 96 85 81 100 -4 0 -1 5 0 0
1 74 99 23 1593 81 100 -4 0 -73 1504 0 0
1 78 99 94 124 81 100 1 0 -3 46 0 0
1 75 99 95 109 81 100 -1 0 -4 69 0 0
1 73 99 95 108 81 100 -3 0 -4 68 0 0
1 71 99 95 108 81 100 -10 0 -4 68 0 0
1 79 99 95 107 81 100 -1 0 -4 67 0 0
1 78 99 95 107 81 100 -1 0 -4 67 0 0
1 43 99 100 0 78 100 -31 0 0 0 0 0
1 45 99 100 0 78 100 -29 0 0 0 0 0
1 50 99 100 0 78 100 -15 0 0 0 0 0
1 51 99 100 0 78 100 -31 0 0 0 0 0
1 61 99 100 0 78 100 -20 0 0 0 0 0
1 61 99 59 848 80 100 -1 0 -39 787 0 0
1 63 99 97 68 80 100 -3 0 -1 8 0 0
1 62 99 97 68 80 100 -21 0 -1 8 0 0
1 67 99 97 66 80 100 -15 0 -1 6 0 0
1 62 99 97 63 80 100 -19 0 -1 3 0 0
1 61 99 97 63 80 100 -20 0 -1 3 0 0
1 61 99 97 63 80 100 -17 0 -1 3 0 0
1 74 99 59 860 79 100 -6 0 -26 543 0 0
1 77 99 63 777 79 100 -2 0 -23 485 0 0
1 79 99 67 689 79 100 0 0 -19 397 0 0
1 78 99 67 689 79 100 0 0 -20 409 0 0
1 78 99 74 538 79 100 0 0 -13 258 0 0
1 81 99 74 538 79 100 3 0 -13 259 0 0
1 81 99 82 373 79 100 6 0 -6 111 0 0
1 49 99 33 1381 81 100 -16 0 -49 1005 0 0
1 55 99 72 574 81 100 -3 0 -11 206 0 0
1 59 99 75 530 81 100 5 0 -19 407 0 0
1 56 99 77 473 81 100 -20 0 -18 364 0 0
1 57 99 79 450 81 100 -18 0 -16 342 0 0
1 62 99 82 379 81 100 -20 0 -13 271 0 0
1 60 99 82 376 81 100 -20 0 -13 268 0 0
1 57 99 60 822 72 100 0 0 -26 525 0 0
1 62 99 68 671 72 100 -2 0 -29 606 0 0
1 62 99 68 664 72 100 -14 0 -32 664 0 0
1 61 99 74 549 72 100 -14 0 -26 549 0 0
1 60 99 74 537 72 100 -17 0 -26 537 0 0
1 59 99 78 459 72 100 -19 0 -22 459 0 0
1 57 99 82 371 72 100 -20 0 -18 371 0 0
1 43 99 100 4 72 100 -36 0 0 3 0 0
1 47 99 100 4 72 100 -28 0 0 3 0 0
1 55 99 100 2 72 100 -17 0 0 1 0 0
1 65 99 100 1 72 100 -13 0 0 0 0 0
1 72 99 100 1 72 100 -7 0 0 0 0 0
1 72 99 100 1 72 100 -5 0 0 0 0 0
1 72 99 100 1 72 100 8 0 0 0 0 0
1 66 99 15 2047 78 100 -15 0 -85 2033 0 0
1 63 99 97 64 78 100 -18 0 -3 50 0 0
1 75 99 97 64 78 100 -6 0 -3 51 0 0
1 82 99 98 45 78 100 1 0 -2 32 0 0
1 82 99 99 27 78 100 1 0 -1 14 0 0
1 82 99 99 27 78 100 1 0 -1 14 0 0
1 82 99 100 16 78 100 1 0 0 3 0 0
1 83 99 46 1117 71 100 2 0 -47 971 0 0
1 83 99 88 268 71 100 2 0 -5 122 0 0
1 82 99 91 188 71 100 3 0 -4 72 0 0
1 81 99 91 188 71 100 6 0 -4 72 0 0
1 80 99 92 182 71 100 -2 0 -3 68 0 0
1 76 99 92 181 71 100 -4 0 -3 75 0 0
1 83 99 93 152 71 100 6 0 -2 46 0 0
1 72 99 54 959 79 100 5 0 -46 949 0 0
1 83 99 77 472 79 100 18 0 -23 471 0 0
1 82 99 91 190 79 100 18 0 -9 189 0 0
1 81 99 94 125 79 100 2 0 -6 125 0 0
1 80 99 99 38 79 100 3 0 -1 38 0 0
1 78 99 99 38 79 100 9 0 -1 38 0 0
1 75 99 99 31 79 100 -8 0 -1 31 0 0
1 45 99 11 1859 79 100 -4 0 -89 1858 0 0
1 46 99 73 589 79 100 -6 0 -27 588 0 0
1 45 99 92 169 79 100 -6 0 -8 168 0 0
1 47 99 100 1 79 100 -5 0 0 0 0 0
1 47 99 100 1 79 100 -4 0 0 0 0 0
1 48 99 100 1 79 100 -3 0 0 0 0 0
1 49 99 100 1 79 100 -2 0 0 0 0 0
1 43 99 100 0 78 100 -2 0 0 0 0 0
1 44 99 100 0 78 100 -1 0 0 0 0 0
1 44 99 100 0 78 100 -2 0 0 0 0 0
1 44 99 100 0 78 100 -2 0 0 0 0 0
1 45 99 100 0 78 100 -1 0 0 0 0 0
1 44 99 95 121 79 100 -1 0 -1 17 0 0
1 45 99 95 117 79 100 -1 0 -1 13 0 0
1 45 99 95 111 79 100 -1 0 -1 7 0 0
1 46 99 95 111 79 100 0 0 -1 12 0 0
1 46 99 95 109 79 100 0 0 -1 10 0 0
1 45 99 95 107 79 100 -1 0 -1 12 0 0
1 45 99 95 107 79 100 -1 0 -1 15 0 0
1 58 99 60 822 72 100 7 0 -7 131 0 0
1 57 99 63 775 72 100 7 0 -5 104 0 0
1 53 99 65 730 72 100 -4 0 -3 59 0 0
1 59 99 65 728 72 100 5 0 -4 78 0 0
1 60 99 65 725 72 100 -2 0 -5 90 0 0
1 47 99 66 704 72 100 -17 0 -5 97 0 0
1 50 99 67 691 72 100 -13 0 -5 101 0 0
1 83 99 59 854 79 100 1 0 -21 433 0 0
1 81 99 72 585 79 100 11 0 -8 164 1 0
1 72 99 76 511 79 100 -10 0 -4 90 1 0
1 84 99 76 511 79 100 1 0 -5 106 1 0
1 78 99 79 440 79 100 -3 0 -2 35 1 0
1 82 99 79 440 79 100 2 0 -2 36 1 0
1 79 99 79 431 79 100 1 0 -2 27 1 0
1 55 99 55 932 79 100 -27 0 -34 698 0 0
1 82 99 84 338 79 100 0 0 -5 106 0 0
1 82 99 89 236 79 100 0 0 0 4 0 0
1 82 99 89 235 79 100 0 0 0 6 0 0
1 82 99 89 235 79 100 0 0 0 6 0 0
1 82 99 89 235 79 100 0 0 0 6 0 0
1 82 99 89 235 79 100 0 0 0 7 0 0
1 42 100 100 2 79 100 -20 0 0 0 0 0
1 51 100 100 2 79 100 -10 0 0 0 0 0
1 51 100 100 2 79 100 -9 0 0 0 0 0
1 53 100 100 2 79 100 -6 0 0 0 0 0
1 61 100 100 2 79 100 -3 0 0 0 0 0
1 62 100 100 2 79 100 -10 0 0 0 0 0
1 62 100 100 2 79 100 1 0 0 0 0 0
1 45 99 1 2047 81 100 1 0 -99 2042 0 0
1 45 99 100 5 81 100 0 0 0 0 0 0
1 45 99 100 5 81 100 0 0 0 0 0 0
1 44 99 100 5 81 100 -1 0 0 0 0 0
1 44 99 100 5 81 100 -1 0 0 0 0 0
1 44 99 100 5 81 100 -1 0 0 0 0 0
1 44 99 100 5 81 100 -2 0 0 0 0 0
1 51 99 50 1042 80 100 -10 0 -36 736 0 0
1 49 99 65 734 80 100 -13 0 -35 730 0 0
1 49 99 75 529 80 100 -14 0 -25 525 0 0
1 49 99 75 527 80 100 -26 0 -25 524 0 0
1 64 99 81 392 80 100 -4 0 -19 390 0 0
1 63 99 85 308 80 100 -19 0 -15 306 0 0
1 62 99 85 308 80 100 -19 0 -15 306 0 0
1 45 100 79 437 73 100 -10 0 0 1 0 0
1 45 100 79 437 73 100 -10 0 0 1 0 0
1 65 99 19 1677 82 100 -17 0 -58 1198 0 0
1 65 99 77 495 82 100 -17 0 0 16 0 0
1 65 99 77 488 82 100 -17 0 0 9 0 0
1 65 99 77 488 82 100 -17 0 0 10 0 0
1 68 99 77 483 82 100 -13 0 0 5 0 0
1 79 99 77 482 82 100 -2 0 0 6 0 0
1 79 99 77 480 82 100 -2 0 -1 10 0 0
1 64 99 52 998 87 100 0 0 -15 304 0 0
1 64 99 65 722 87 100 0 0 -2 28 0 0
1 64 99 65 722 87 100 0 0 -2 28 0 0
1 64 99 65 720 87 100 0 0 -4 67 0 0
1 64 99 66 700 87 100 0 0 -3 47 0 0
1 64 99 66 700 87 100 0 0 -8 162 0 0
1 64 99 66 697 87 100 0 0 -8 159 0 0
1 42 99 91 203 63 100 -36 0 -9 185 0 0
1 39 99 100 7 84 100 -19 0 0 7 0 0
1 47 99 100 0 84 100 -10 0 0 0 0 0
1 54 99 100 0 84 100 -2 0 0 0 0 0
1 56 99 100 0 84 100 -2 0 0 0 0 0
1 55 99 100 0 84 100 -21 0 0 0 0 0
1 57 99 100 0 84 100 -12 0 0 0 0 0
1 52 99 42 1192 80 100 -17 0 -57 1169 0 0
1 55 99 69 653 80 100 -22 0 -31 648 0 0
1 54 99 75 519 80 100 -21 0 -25 514 0 0
1 54 99 77 473 80 100 -21 0 -23 468 0 0
1 54 99 83 357 80 100 -21 0 -17 353 0 0
1 55 99 94 132 80 100 -23 0 -6 130 0 0
1 64 99 99 32 80 100 -12 0 -1 30 0 0
1 43 99 100 4 80 100 -19 0 0 3 0 0
1 44 99 100 4 80 100 -18 0 0 3 0 0
1 45 99 100 3 80 100 -18 0 0 2 0 0
1 48 99 100 3 80 100 -17 0 0 2 0 0
1 54 99 100 1 80 100 -16 0 0 0 0 0
1 59 99 100 1 80 100 -11 0 0 0 0 0
1 59 99 100 1 80 100 -20 0 0 0 0 0
1 43 99 100 14 80 100 -26 0 0 0 0 0
1 45 99 100 14 80 100 -24 0 0 0 0 0
1 46 99 100 14 80 100 -28 0 0 0 0 0
1 57 99 100 14 80 100 -14 0 0 0 0 0
1 58 99 100 14 80 100 -12 0 0 0 0 0
1 67 99 100 14 80 100 -4 0 0 0 0 0
1 68 99 100 14 80 100 -11 0 0 0 0 0
1 43 99 100 4 80 100 -39 0 0 4 0 0
1 51 99 100 0 80 100 -31 0 0 0 0 0
1 56 99 100 0 80 100 -26 0 0 0 0 0
1 75 99 100 0 80 100 -6 0 0 0 0 0
1 69 99 100 0 80 100 -12 0 0 0 0 0
1 83 99 100 0 80 100 2 0 0 0 0 0
1 82 99 100 0 80 100 1 0 0 0 0 0
1 82 99 37 1305 81 100 15 0 -59 1212 0 0
1 81 99 64 754 81 100 15 0 -32 661 0 0
1 79 99 64 754 81 100 13 0 -35 724 0 0
1 76 99 67 689 81 100 -7 0 -33 687 0 0
1 73 99 67 688 81 100 -9 0 -33 687 0 0
1 68 99 89 245 81 100 -13 0 -11 244 0 0
1 68 99 89 235 81 100 -11 0 -11 234 0 0
1 55 99 79 438 66 100 -18 0 -4 87 0 0
1 55 99 79 438 66 100 -19 0 -4 89 0 0
1 64 99 83 355 66 100 -10 0 0 6 0 0
1 66 99 83 354 66 100 -9 0 0 5 0 0
1 73 99 83 353 66 100 -3 0 0 4 0 0
1 73 99 83 353 66 100 -3 0 -1 5 0 0
1 73 99 83 351 66 100 -2 0 -1 3 0 0
1 67 99 67 2047 81 100 -8 0 -33 2045 0 0
1 67 99 94 439 81 100 -9 0 -6 437 0 0
1 67 99 99 32 81 100 -11 0 -1 30 0 0
1 75 99 100 2 81 100 -1 0 0 0 0 0
1 75 99 100 2 81 100 -1 0 0 0 0 0
1 74 99 100 2 81 100 -4 0 0 0 0 0
1 75 99 100 2 81 100 -1 0 0 0 0 0
1 82 99 1 2047 63 100 10 0 -70 1444 0 0
1 81 99 71 603 63 100 -3 0 0 0 0 0
1 81 99 71 603 63 100 -1 0 0 0 0 0
1 80 99 71 603 63 100 -2 0 0 0 0 0
1 79 99 71 603 63 100 -2 0 0 1 0 0
1 77 99 71 603 63 100 -4 0 0 1 0 0
1 76 99 71 603 63 100 -4 0 0 1 0 0
1 68 99 50 1035 75 100 3 0 -49 995 0 0
1 66 99 96 83 75 100 -2 0 -3 56 0 0
1 65 99 96 83 75 100 0 0 -3 56 0 0
1 66 99 97 75 75 100 0 0 -3 66 0 0
1 68 99 98 48 75 100 2 0 -2 39 0 0
1 70 99 98 48 75 100 6 0 -2 47 0 0
1 65 99 99 40 75 100 -4 0 -1 39 0 0
1 59 99 58 982 78 100 -18 0 -40 910 0 0
1 61 99 91 212 78 100 -16 0 -7 144 0 0
1 63 99 97 105 78 100 -13 0 -3 80 0 0
1 78 99 97 90 78 100 3 0 -3 65 0 0
1 78 99 97 90 78 100 3 0 -3 65 0 0
1 78 99 97 90 78 100 3 0 -3 65 0 0
1 78 99 97 90 78 100 3 0 -3 65 0 0
1 56 99 59 848 75 100 -25 0 -24 490 -3 0
1 74 99 83 358 78 100 -7 0 0 0 0 0
1 72 99 83 358 78 100 -8 0 0 1 0 0
1 71 99 83 358 78 100 -6 0 0 1 0 0
1 73 99 83 358 78 100 1 0 0 1 0 0
1 72 99 83 358 78 100 -11 0 0 1 0 0
1 84 99 83 358 78 100 3 0 0 2 0 0
1 75 99 81 404 81 100 29 0 0 6 0 0
1 72 99 81 404 81 100 24 0 0 7 0 0
1 48 99 81 402 81 100 3 0 0 7 0 0
1 48 99 81 402 81 100 4 0 -1 13 0 0
1 48 99 81 402 81 100 1 0 -1 16 0 0
1 48 99 81 399 81 100 1 0 -1 13 0 0
1 47 99 81 399 81 100 0 0 -1 17 0 0
1 83 99 60 837 81 100 2 0 -20 425 0 0
1 83 99 70 634 81 100 2 0 -11 236 0 0
1 83 99 70 620 81 100 2 0 -11 222 0 0
1 83 99 70 620 81 100 2 0 -12 242 0 0
1 45 99 61 816 81 100 -1 0 -25 517 0 0
1 45 99 68 673 81 100 -1 0 -18 378 0 0
1 46 99 68 673 81 100 0 0 -18 378 0 0
1 42 99 97 65 81 100 -12 0 -3 65 0 0
1 45 99 100 0 81 100 -7 0 0 0 0 0
1 46 99 100 0 81 100 -7 0 0 0 0 0
1 46 99 100 0 81 100 -7 0 0 0 0 0
1 76 99 57 888 84 100 0 0 -29 599 0 0
1 76 99 63 767 84 100 0 0 -33 666 0 0
1 76 99 68 669 84 100 0 0 -28 568 0 0
1 76 99 68 669 84 100 0 0 -28 582 0 0
1 76 99 80 429 84 100 0 0 -16 342 0 0
1 76 99 81 398 84 100 0 0 -16 322 0 0
1 76 99 81 398 84 100 0 0 -16 330 0 0
1 83 99 1 2047 80 100 0 0 -83 1717 0 0
1 81 99 84 346 80 100 -1 0 -1 19 0 0
1 81 99 84 346 80 100 0 0 -1 19 0 0
1 79 99 84 340 80 100 -2 0 -1 13 0 0
1 78 99 84 337 80 100 -1 0 -1 10 0 0
1 75 99 84 337 80 100 -1 0 -1 12 0 0
1 66 99 84 334 80 100 -9 0 -1 9 0 0
1 59 99 67 690 68 100 -14 0 -32 666 -1 0
1 64 99 92 178 68 100 -20 0 -7 154 -1 0
1 66 99 95 108 68 100 -17 0 -4 84 -1 0
1 65 99 98 45 68 100 -18 0 -1 21 -2 0
1 66 99 98 43 69 100 -14 0 -1 19 -1 0
1 66 99 98 42 69 100 -12 0 -1 18 -1 0
1 76 99 99 24 69 100 2 0 0 0 -2 0
1 75 99 50 1032 80 100 3 0 -16 321 0 0
1 76 99 63 774 80 100 0 0 -5 109 0 0
1 75 99 63 774 80 100 0 0 -8 160 0 0
1 72 99 65 732 80 100 -1 0 -8 173 0 0
1 72 99 65 732 80 100 0 0 -8 173 0 0
1 75 99 66 715 80 100 -3 0 -7 156 0 0
1 78 99 66 711 80 100 5 0 -7 155 0 0
1 75 99 46 1118 80 100 0 0 -54 1117 0 0
1 75 99 100 3 80 100 0 0 0 3 0 0
1 75 99 100 1 80 100 0 0 0 1 0 0
1 75 99 100 1 80 100 0 0 0 1 0 0
1 75 99 100 1 80 100 0 0 0 1 0 0
1 75 99 100 1 80 100 0 0 0 1 0 0
1 75 99 100 1 80 100 0 0 0 1 0 0
1 42 99 96 95 79 100 -18 0 0 0 0 0
1 45 99 96 95 79 100 -25 0 0 0 0 0
1 49 99 2 2047 78 100 -15 0 -77 1600 0 0
1 50 99 79 453 78 100 -14 0 0 6 0 0
1 50 99 79 449 78 100 -14 0 0 2 0 0
1 57 99 79 448 78 100 -7 0 0 1 0 0
1 63 99 79 448 78 100 -1 0 0 1 0 0
1 63 99 79 448 78 100 -1 0 0 1 0 0
1 64 99 79 448 78 100 -1 0 0 1 0 0
1 50 99 98 44 76 100 2 0 -1 9 0 0
1 49 99 98 48 76 100 1 0 -1 13 0 0
1 49 99 99 37 76 100 2 0 0 3 0 0
1 49 99 99 37 76 100 3 0 0 6 0 0
1 48 99 99 36 76 100 1 0 0 5 0 0
1 49 99 99 36 76 100 4 0 0 7 0 0
1 49 99 99 36 76 100 4 0 0 7 0 0
1 59 99 22 1603 79 100 -22 0 -76 1547 0 0
1 56 99 97 76 79 100 -24 0 -1 22 0 0
1 84 99 97 76 79 100 5 0 -1 24 0 0
1 83 99 97 69 79 100 4 0 -1 17 0 0
1 83 99 97 69 79 100 5 0 -1 19 0 0
1 82 99 98 58 79 100 6 0 0 8 0 0
1 81 99 98 56 79 100 7 0 0 6 0 0
1 42 99 99 31 81 100 -17 0 -1 24 0 0
1 45 99 99 29 81 100 -13 0 -1 22 0 0
1 46 99 100 8 81 100 -13 0 0 1 0 0
1 55 99 100 8 81 100 -5 0 0 1 0 0
1 53 99 100 7 81 100 -7 0 0 0 0 0
1 51 99 100 7 81 100 -9 0 0 0 0 0
1 59 99 100 7 81 100 -3 0 0 0 0 0
1 42 99 100 20 81 100 -5 0 0 14 0 0
1 48 99 100 15 81 100 -6 0 0 9 0 0
1 47 99 100 13 81 100 -7 0 0 7 0 0
1 46 99 100 13 81 100 -8 0 0 7 0 0
1 45 99 100 8 81 100 -9 0 0 2 0 0
1 46 99 100 8 81 100 -8 0 0 2 0 0
1 46 99 100 6 81 100 -8 0 0 0 0 0
1 64 99 61 914 81 100 1 0 -21 476 0 0
1 64 99 68 753 81 100 1 0 -17 382 0 0
1 65 99 72 642 81 100 0 0 -25 561 0 0
1 64 99 72 641 81 100 -1 0 -26 574 0 0
1 64 99 76 566 81 100 -1 0 -22 500 0 0
1 63 99 82 438 81 100 -3 0 -17 394 0 0
1 63 99 82 438 81 100 -3 0 -17 409 0 0
1 65 99 1 2047 81 100 -15 0 -96 1971 0 0
1 80 99 83 352 81 100 0 0 -14 279 0 0
1 80 99 83 351 81 100 1 0 -14 279 0 0
1 82 99 96 86 81 100 3 0 -1 15 0 0
1 81 99 97 77 81 100 3 0 0 6 0 0
1 81 99 97 76 81 100 4 0 0 6 0 0
1 81 99 97 76 81 100 7 0 0 6 0 0
1 60 99 60 820 83 100 0 0 -25 506 0 0
1 60 99 76 496 83 100 0 0 -10 189 0 0
1 60 99 77 481 83 100 0 0 -9 175 0 0
1 60 99 84 330 83 100 0 0 -2 25 0 0
1 60 99 85 317 83 100 0 0 -1 17 0 0
1 60 99 85 317 83 100 0 0 -1 17 0 0
1 60 99 85 315 83 100 0 0 -1 20 0 0
1 43 99 94 171 81 100 -39 0 -2 54 0 0
1 45 99 94 170 81 100 -21 0 -3 74 0 0
1 46 99 94 170 81 100 -36 0 -3 74 0 0
1 47 99 94 170 81 100 -27 0 -3 76 0 0
1 51 99 95 168 81 100 -18 0 -2 76 0 0
1 55 99 95 158 81 100 -14 0 -2 70 0 0
1 68 99 95 124 81 100 -10 0 -2 40 0 0
1 76 99 65 829 84 100 -1 0 -18 373 0 0
1 72 99 73 671 84 100 -3 0 -13 279 0 0
1 81 99 73 671 84 100 6 0 -13 279 0 0
1 81 99 77 594 84 100 12 0 -11 234 0 0
1 80 99 77 594 84 100 -3 0 -13 265 0 0
1 79 99 80 520 84 100 -2 0 -10 191 0 0
1 78 99 83 456 84 100 -2 0 -9 168 0 0
1 52 99 52 985 81 100 -18 0 -26 532 0 0
1 56 99 71 594 81 100 -13 0 -7 141 0 0
1 75 99 78 453 81 100 8 0 0 0 0 0
1 70 99 78 453 81 100 5 0 0 1 0 0
1 73 99 78 453 81 100 11 0 0 1 0 0
1 72 99 78 453 81 100 11 0 0 2 0 0
1 72 99 78 453 81 100 12 0 -1 8 0 0
1 43 99 100 18 90 100 -10 0 0 11 0 0
1 44 99 100 18 90 100 -8 0 0 11 0 0
1 44 99 100 18 90 100 -8 0 0 11 0 0
1 44 99 100 18 90 100 -7 0 0 11 0 0
1 46 99 100 11 90 100 -5 0 0 4 0 0
1 48 99 100 9 90 100 -3 0 0 2 0 0
1 48 99 100 9 90 100 -3 0 0 2 0 0
1 61 99 84 342 83 100 -1 0 -1 21 0 0
1 60 99 84 339 83 100 -2 0 -1 18 0 0
1 61 99 84 328 83 100 -1 0 -1 9 0 0
1 62 99 85 325 83 100 0 0 0 6 0 0
1 61 99 85 325 83 100 -1 0 0 6 0 0
1 62 99 85 324 83 100 -1 0 0 8 0 0
1 61 99 85 321 83 100 -2 0 0 5 0 0
1 79 99 60 833 83 100 -1 0 -4 91 0 0
1 79 99 62 783 83 100 -4 0 -3 63 0 0
1 79 99 62 783 83 100 -2 0 -5 102 0 0
1 78 99 63 763 83 100 -3 0 -5 89 0 0
1 79 99 63 763 83 100 0 0 -6 116 0 0
1 77 99 64 756 83 100 1 0 -5 109 0 0
1 75 99 64 742 83 100 4 0 -6 116 0 0
1 49 99 13 1786 81 100 -20 0 -74 1517 0 0
1 51 99 84 329 81 100 -1 0 -4 71 0 0
1 51 99 85 317 81 100 0 0 -3 63 0 0
1 51 99 85 311 81 100 -1 0 -4 71 0 0
1 52 99 85 311 81 100 1 0 -4 71 0 0
1 54 99 86 293 81 100 4 0 -3 62 0 0
1 68 99 87 280 81 100 17 0 -3 57 0 0
1 47 99 62 801 80 100 0 0 0 6 0 0
1 47 99 62 796 80 100 0 0 0 1 0 0
1 47 99 62 795 80 100 0 0 0 0 0 0
1 47 99 62 795 80 100 0 0 0 0 0 0
1 47 99 62 795 80 100 0 0 0 0 0 0
1 47 99 62 795 80 100 0 0 0 0 0 0
1 47 99 62 795 80 100 0 0 0 0 0 0
1 51 99 65 1295 84 100 -25 0 -17 781 0 0
1 58 99 78 606 84 100 -17 0 -6 133 0 0
1 58 99 78 599 84 100 -14 0 -8 176 0 0
1 63 99 80 556 84 100 -7 0 -7 134 0 0
1 63 99 80 556 84 100 -3 0 -7 134 0 0
1 77 99 81 537 84 100 -1 0 -6 117 0 0
1 77 99 82 514 84 100 -1 0 -5 94 0 0
1 43 99 45 1130 81 100 -33 0 -55 1130 0 0
1 46 99 67 688 81 100 -30 0 -33 688 0 0
1 46 99 74 538 81 100 -30 0 -26 538 0 0
1 48 99 82 370 81 100 -28 0 -18 370 0 0
1 49 99 85 315 81 100 -27 0 -15 315 0 0
1 76 99 100 0 81 100 0 0 0 0 0 0
1 76 99 100 0 81 100 0 0 0 0 0 0
1 83 99 59 849 83 100 5 0 -37 764 0 0
1 83 99 72 581 83 100 7 0 -26 528 0 0
1 83 99 72 581 83 100 8 0 -26 528 0 0
1 82 99 86 288 83 100 13 0 -12 243 0 0
1 81 99 86 288 83 100 9 0 -12 245 0 0
1 81 99 93 151 83 100 9 0 -5 108 0 0
1 79 99 96 85 83 100 8 0 -3 47 0 0
1 82 99 64 824 84 100 4 0 -2 41 0 0
1 80 99 66 794 84 100 3 0 0 13 0 0
1 79 99 66 794 84 100 4 0 0 13 0 0
1 78 99 66 786 84 100 6 0 0 5 0 0
1 74 99 66 786 84 100 3 0 0 7 0 0
1 66 98 61 811 78 100 14 0 -3 54 0 0
1 63 98 63 763 78 100 9 0 -1 7 0 0
1 61 98 64 759 78 100 9 0 0 3 0 0
1 59 98 64 759 78 100 7 0 0 3 1 0
1 59 98 64 759 78 100 10 0 0 3 1 0
1 54 98 64 759 78 100 3 0 0 3 1 0
1 53 98 64 758 78 100 2 0 0 3 1 0
1 74 99 63 809 90 100 0 0 -24 487 0 0
1 74 99 78 508 90 100 0 0 -9 186 0 0
1 74 99 78 508 90 100 0 0 -9 188 0 0
1 74 99 78 494 90 100 0 0 -9 176 0 0
1 74 99 79 484 90 100 0 0 -8 166 0 0
1 74 99 84 377 90 100 0 0 -3 64 0 0
1 74 99 86 335 90 100 0 0 -2 48 0 0
1 81 99 36 1325 79 100 9 0 -64 1305 -1 0
1 79 99 88 258 80 100 -1 0 -12 238 0 0
1 81 99 100 20 80 100 0 0 0 0 0 0
1 76 99 100 20 80 100 -3 0 0 0 0 0
1 83 99 100 20 80 100 15 0 0 0 0 0
1 81 99 100 20 80 100 6 0 0 0 0 0
1 80 99 100 20 80 100 2 0 0 0 0 0
1 72 99 59 857 64 100 0 0 -23 472 0 0
1 72 99 64 745 64 100 0 0 -20 409 0 0
1 72 99 69 655 64 100 0 0 -15 319 0 0
1 72 99 69 651 64 100 0 0 -17 354 0 0
1 72 99 74 541 64 100 0 0 -16 326 0 0
1 72 99 77 482 64 100 0 0 -13 267 0 0
1 72 99 77 482 64 100 0 0 -15 313 0 0
1 53 99 65 835 76 100 -22 0 -35 831 0 0
1 53 99 70 630 76 100 -20 0 -30 626 0 0
1 76 99 100 4 76 100 4 0 0 0 0 0
1 76 99 100 4 76 100 4 0 0 0 0 0
1 76 99 100 4 76 100 3 0 0 0 0 0
1 78 99 100 4 76 100 6 0 0 0 0 0
1 77 99 100 4 76 100 5 0 0 0 0 0
1 75 99 59 841 66 100 -4 0 -40 809 0 0
1 74 99 74 542 66 100 -4 0 -25 513 0 0
1 74 99 92 181 66 100 -4 0 -7 152 0 0
1 74 99 92 181 66 100 -4 0 -7 153 0 0
1 79 99 92 176 66 100 1 0 -7 148 0 0
1 79 99 98 45 66 100 1 0 -1 18 0 0
1 79 99 98 45 66 100 1 0 -1 19 0 0
1 65 99 39 1265 80 100 -17 0 -44 897 0 0
1 67 99 73 558 80 100 -14 0 -10 190 0 0
1 81 99 82 370 80 100 3 0 -1 3 0 0
1 79 99 82 370 80 100 2 0 -1 3 0 0
1 76 99 82 369 80 100 5 0 -1 5 0 0
1 75 99 82 369 80 100 -5 0 -1 8 0 0
1 83 99 83 368 80 100 1 0 0 7 0 0
1 50 99 1 2047 81 100 -34 0 -99 2046 0 0
1 57 99 100 1 81 100 -26 0 0 0 0 0
1 59 99 100 1 81 100 -22 0 0 0 0 0
1 58 99 100 1 81 100 -21 0 0 0 0 0
1 56 99 100 1 81 100 -21 0 0 0 0 0
1 61 99 100 1 81 100 -12 0 0 0 0 0
1 84 99 100 1 81 100 1 0 0 0 0 0
1 83 99 1 2047 56 100 8 0 -99 2041 0 0
1 83 99 99 33 56 100 13 0 -1 29 0 0
1 82 99 99 31 56 100 -2 0 -1 27 0 0
1 82 99 100 6 56 100 -1 0 0 2 0 0
1 81 99 100 6 56 100 0 0 0 2 0 0
1 79 99 100 6 56 100 -2 0 0 2 0 0
1 79 99 100 6 56 100 -1 0 0 2 0 0
1 71 99 99 42 81 100 27 0 0 4 0 0
1 71 99 99 42 81 100 27 0 0 4 0 0
1 71 99 99 42 81 100 27 0 0 5 0 0
1 71 99 99 42 81 100 27 0 0 5 0 0
1 70 99 99 42 81 100 25 0 0 5 0 0
1 45 99 99 40 81 100 -24 0 0 3 0 0
1 45 99 99 40 81 100 -32 0 0 3 0 0
1 34 99 97 70 81 100 -41 0 -3 70 0 0
1 72 99 97 70 81 100 -2 0 -3 70 0 0
1 72 99 97 70 81 100 0 0 -3 70 0 0
1 72 99 97 70 81 100 -3 0 -3 70 0 0
1 80 99 100 0 81 100 -2 0 0 0 0 0
1 83 99 100 0 81 100 1 0 0 0 0 0
1 73 99 100 0 81 100 -8 0 0 0 0 0
1 39 99 100 12 81 100 -21 0 0 12 0 0
1 46 99 100 0 81 100 -13 0 0 0 0 0
1 49 99 100 0 81 100 -8 0 0 0 0 0
1 52 99 100 0 81 100 -5 0 0 0 0 0
1 61 99 100 0 81 100 -15 0 0 0 0 0
1 60 99 100 0 81 100 -15 0 0 0 0 0
1 60 99 100 0 81 100 -12 0 0 0 0 0
1 80 99 33 1387 81 100 -3 0 -48 990 0 0
1 79 99 81 397 81 100 -3 0 0 0 0 0
1 78 99 81 397 81 100 -4 0 0 0 0 0
1 77 99 81 397 81 100 -5 0 0 0 0 0
1 74 99 81 397 81 100 -7 0 0 0 0 0
1 72 99 81 397 81 100 -9 0 0 0 0 0
1 84 99 81 397 81 100 3 0 0 0 0 0
1 42 99 100 2 81 100 -18 0 0 2 0 0
1 44 99 100 2 81 100 -29 0 0 2 0 0
1 44 99 100 1 81 100 -39 0 0 1 0 0
1 46 99 100 0 81 100 -37 0 0 0 0 0
1 45 99 100 0 81 100 -37 0 0 0 0 0
1 45 99 100 0 81 100 -36 0 0 0 0 0
1 45 99 100 0 81 100 -36 0 0 0 0 0
1 55 99 31 1431 65 100 0 0 -68 1390 0 0
1 55 99 98 50 65 100 0 0 -1 9 0 0
1 55 99 98 50 65 100 0 0 -1 9 0 0
1 55 99 98 49 65 100 0 0 -1 12 0 0
1 55 99 98 47 65 100 0 0 -1 11 0 0
1 55 99 98 45 65 100 0 0 -1 9 0 0
1 55 99 98 44 65 100 0 0 -1 8 0 0
1 43 99 99 39 74 100 -12 0 -1 39 0 0
1 69 99 55 940 78 100 -12 0 -45 935 0 0
1 78 99 80 425 78 100 -3 0 -20 420 0 0
1 78 99 80 424 78 100 -1 0 -20 419 0 0
1 80 99 100 18 78 100 2 0 0 13 0 0
1 82 99 100 17 78 100 5 0 0 12 0 0
1 81 99 100 15 78 100 6 0 0 10 0 0
1 81 99 100 14 78 100 9 0 0 9 0 0
1 83 99 60 827 79 100 2 0 -8 159 0 0
1 83 99 61 800 79 100 2 0 -7 132 0 0
1 82 99 61 800 79 100 1 0 -8 161 0 0
1 82 99 63 766 79 100 1 0 -8 161 0 0
1 82 99 65 736 79 100 1 0 -7 149 0 0
1 82 99 66 704 79 100 1 0 -6 119 0 0
1 82 99 66 704 79 100 1 0 -7 134 0 0
1 79 99 1 2047 82 100 -4 0 -73 1504 0 0
1 77 99 74 543 82 100 -5 0 0 0 0 0
1 75 99 74 543 82 100 -7 0 0 0 0 0
1 73 99 74 543 82 100 -9 0 0 0 0 0
1 68 99 74 543 82 100 -13 0 0 0 0 0
1 66 99 74 543 82 100 -15 0 0 0 0 0
1 83 99 74 543 82 100 3 0 0 0 0 0
1 44 99 100 19 79 100 -4 0 0 2 0 0
1 45 99 100 17 79 100 -3 0 0 0 0 0
1 45 99 100 17 79 100 -4 0 0 0 0 0
1 45 99 100 17 79 100 -6 0 0 0 0 0
1 46 99 100 17 79 100 -8 0 0 0 0 0
1 47 99 100 17 79 100 -20 0 0 0 0 0
1 47 99 100 17 79 100 -20 0 0 0 0 0
1 74 99 32 1412 78 100 -2 0 -46 946 0 0
1 74 99 77 481 78 100 -2 0 -1 15 0 0
1 74 99 77 481 78 100 -2 0 -1 15 0 0
1 75 99 77 481 78 100 0 0 -1 15 0 0
1 75 99 77 481 78 100 0 0 -1 15 0 0
1 75 99 77 481 78 100 0 0 -1 15 0 0
1 75 99 77 481 78 100 0 0 -1 15 0 0
1 74 99 93 147 81 100 -1 0 -6 108 0 0
1 74 99 98 52 81 100 -1 0 -1 26 0 0
1 74 99 99 43 81 100 0 0 0 19 0 0
1 74 99 99 40 81 100 1 0 -1 18 0 0
1 73 99 99 40 81 100 0 0 -1 18 0 0
1 73 99 99 39 81 100 0 0 -1 20 0 0
1 73 99 99 39 81 100 -1 0 -1 20 0 0
1 75 98 1 2047 84 100 -4 0 -96 1985 0 0
1 72 98 70 621 84 100 -6 0 -28 568 0 0
1 79 98 97 76 84 100 -5 0 -1 34 0 0
1 75 98 97 67 84 100 -8 0 -2 36 0 0
1 70 98 97 66 84 100 -11 0 -2 35 0 0
1 83 98 97 62 84 100 2 0 -2 31 0 0
1 81 98 97 62 84 100 3 0 -3 51 0 0
1 74 99 32 1410 74 100 -4 0 -68 1405 0 0
1 76 99 100 5 74 100 -7 0 0 0 0 0
1 75 99 100 5 74 100 -7 0 0 0 0 0
1 73 99 100 5 74 100 -7 0 0 0 0 0
1 83 99 100 5 74 100 7 0 0 0 0 0
1 81 99 100 5 74 100 6 0 0 0 0 0
1 79 99 100 5 74 100 -4 0 0 0 0 0
1 84 98 45 1129 81 100 3 0 -36 738 0 0
1 83 98 72 579 81 100 2 0 -9 188 0 0
1 83 98 74 546 81 100 3 0 -8 163 0 0
1 82 98 74 537 81 100 3 0 -8 161 0 0
1 82 98 77 489 81 100 3 0 -5 118 0 0
1 81 98 80 429 81 100 3 0 -3 71 0 0
1 81 98 80 426 81 100 3 0 -3 69 0 0
1 42 99 94 138 84 100 -39 0 -6 132 0 0
1 56 99 100 6 84 100 -23 0 0 0 0 0
1 67 99 100 6 84 100 -9 0 0 0 0 0
1 72 99 100 6 84 100 -10 0 0 0 0 0
1 77 99 100 6 84 100 -4 0 0 0 0 0
1 76 99 100 6 84 100 -3 0 0 0 0 0
1 83 99 100 6 84 100 8 0 0 0 0 0
1 81 99 54 957 65 100 0 0 -38 777 0 0
1 81 99 78 455 65 100 1 0 -14 275 0 0
1 81 99 92 180 65 100 1 0 0 0 0 0
1 81 99 92 180 65 100 1 0 0 0 0 0
1 81 99 92 180 65 100 1 0 0 0 0 0
1 81 99 92 180 65 100 3 0 0 0 0 0
1 81 99 92 180 65 100 3 0 0 0 0 0
1 58 99 77 560 83 100 -6 0 -21 505 0 0
1 61 99 79 517 83 100 -10 0 -19 463 0 0
1 67 99 81 458 83 100 -4 0 -17 414 0 0
1 68 99 82 453 83 100 -1 0 -16 412 0 0
1 71 99 83 429 83 100 2 0 -16 389 0 0
1 65 99 85 382 83 100 -5 0 -14 348 0 0
1 65 99 85 382 83 100 -4 0 -14 353 0 0
1 53 99 31 1417 78 100 -10 0 -69 1402 0 0
1 56 99 86 294 78 100 -10 0 -14 286 0 0
1 58 99 94 128 78 100 -25 0 -6 120 0 0
1 59 99 96 102 78 100 -24 0 -4 94 0 0
1 58 99 96 90 78 100 -24 0 -4 82 0 0
1 60 99 98 44 78 100 -22 0 -2 36 0 0
1 60 99 99 36 78 100 -21 0 -1 28 0 0
1 66 98 5 1959 81 100 -15 0 -95 1951 0 0
1 73 98 100 9 81 100 -8 0 0 1 0 0
1 57 98 100 9 81 100 -23 0 0 1 0 0
1 83 98 100 9 81 100 4 0 0 1 0 0
1 83 98 100 9 81 100 5 0 0 1 0 0
1 82 98 100 9 81 100 4 0 0 1 0 0
1 82 98 100 9 81 100 7 0 0 1 0 0
1 52 99 1 2047 83 100 -7 0 -97 1998 0 0
1 53 99 62 779 83 100 -6 0 -37 756 0 0
1 53 99 74 540 83 100 -27 0 -26 535 0 0
1 53 99 74 538 83 100 -27 0 -26 533 0 0
1 55 99 83 365 83 100 -25 0 -17 362 0 0
1 55 99 92 184 83 100 -24 0 -8 181 0 0
1 56 99 96 101 83 100 -23 0 -4 98 0 0
1 65 100 54 1099 78 100 -11 0 -40 951 0 0
1 65 100 69 791 78 100 -11 0 -25 643 0 0
1 65 100 77 592 78 100 -10 0 -18 464 0 0
1 64 100 85 351 78 100 -11 0 -10 223 0 0
1 75 100 93 159 78 100 2 0 -2 44 0 0
1 68 100 93 159 78 100 -4 0 -2 44 0 0
1 77 100 93 155 78 100 1 0 -3 66 0 0
1 46 99 100 8 82 100 -29 0 0 0 0 0
1 48 99 100 8 82 100 -27 0 0 0 0 0
1 58 99 100 8 82 100 -19 0 0 0 0 0
1 61 99 100 8 82 100 -14 0 0 0 0 0
1 66 99 100 8 82 100 -6 0 0 0 0 0
1 68 99 100 8 82 100 2 0 0 0 0 0
1 71 99 100 8 82 100 6 0 0 0 0 0
1 74 99 43 1185 82 100 -4 0 -55 1131 0 0
1 77 99 90 210 82 100 0 0 -8 160 0 0
1 76 99 90 210 82 100 -8 0 -8 160 0 0
1 78 99 94 140 82 100 -5 0 -5 112 0 0
1 81 99 94 139 82 100 -1 0 -5 117 0 0
1 80 99 98 57 82 100 -2 0 -1 35 0 0
1 79 99 98 54 82 100 -2 0 -1 32 0 0
1 63 99 38 1289 82 100 -13 0 -62 1288 0 0
1 76 99 89 231 82 100 -5 0 -11 230 0 0
1 76 99 92 169 82 100 0 0 -8 168 0 0
1 63 99 97 71 82 100 -18 0 -3 70 0 0
1 78 99 98 48 82 100 -5 0 -2 47 0 0
1 81 99 1 2047 82 100 2 0 -83 1710 0 0
1 81 99 84 337 82 100 3 0 0 0 0 0
1 81 99 84 337 82 100 4 0 0 0 0 0
1 81 99 84 337 82 100 6 0 0 0 0 0
1 81 99 84 337 82 100 9 0 0 0 0 0
1 81 99 84 337 82 100 12 0 0 0 0 0
1 81 99 84 337 82 100 -3 0 0 0 0 0
1 72 99 60 860 83 100 7 0 -10 200 0 0
1 76 99 66 729 83 100 11 0 -5 99 0 0
1 76 99 66 729 83 100 11 0 -5 99 0 0
1 65 99 67 720 83 100 3 0 -6 131 0 0
1 65 99 68 695 83 100 -16 0 -30 653 0 0
1 65 99 68 692 83 100 -16 0 -32 672 0 0
1 65 99 69 672 83 100 -17 0 -31 652 0 0
1 80 99 39 1251 81 100 -2 0 -61 1251 0 0
1 80 99 100 11 81 100 -1 0 0 11 0 0
1 78 99 100 11 81 100 -3 0 0 11 0 0
1 76 99 100 0 81 100 -3 0 0 0 0 0
1 75 99 100 0 81 100 -3 0 0 0 0 0
1 69 99 100 0 81 100 -6 0 0 0 0 0
1 83 99 100 0 81 100 -1 0 0 0 0 0
1 43 99 100 3 79 100 -37 0 0 0 0 0
1 66 99 100 3 79 100 -14 0 0 0 0 0
1 58 99 100 3 79 100 -21 0 0 0 0 0
1 57 99 100 3 79 100 -21 0 0 0 0 0
1 57 99 100 3 79 100 -20 0 0 0 0 0
1 81 99 100 3 79 100 9 0 0 0 0 0
1 81 99 100 3 79 100 12 0 0 0 0 0
1 63 99 59 1179 81 100 -4 0 -21 661 0 0
1 77 99 77 584 81 100 -6 0 -3 69 0 0
1 82 99 80 531 81 100 0 0 0 16 0 0
1 81 99 80 529 81 100 0 0 0 16 0 0
1 80 99 80 523 81 100 -1 0 -1 11 0 0
1 79 99 80 520 81 100 5 0 -1 13 0 0
1 75 99 80 520 81 100 3 0 -1 16 0 0
1 48 99 59 849 80 100 -1 0 -13 260 0 0
1 48 99 65 730 80 100 -2 0 -7 151 0 0
1 48 99 68 660 80 100 -2 0 -4 81 0 0
1 49 99 68 660 80 100 -3 0 -7 132 0 0
1 49 99 69 647 80 100 -4 0 -7 145 0 0
1 49 99 69 647 80 100 -4 0 -7 145 0 0
1 50 99 70 616 80 100 -3 0 -6 122 0 0
1 64 99 58 872 80 100 0 0 -34 694 0 0
1 63 99 79 437 80 100 -1 0 -13 259 0 0
1 63 99 84 338 80 100 -1 0 -8 160 0 0
1 63 99 84 338 80 100 -1 0 -8 160 0 0
1 63 99 84 336 80 100 -1 0 -9 192 0 0
1 63 99 87 270 80 100 -1 0 -7 127 0 0
1 63 99 89 226 80 100 -1 0 -5 84 0 0
1 44 99 96 102 81 100 -6 0 0 0 0 0
1 44 99 96 102 81 100 -13 0 0 0 0 0
1 44 99 96 102 81 100 -15 0 0 0 0 0
1 68 98 61 811 78 100 -10 0 -8 175 0 0
1 78 98 63 777 78 100 6 0 -8 164 0 0
1 72 98 63 777 78 100 -4 0 -8 168 0 0
1 78 98 64 745 78 100 3 0 -7 136 0 0
1 79 98 64 745 78 100 4 0 -8 167 0 0
1 78 98 67 685 78 100 2 0 -7 141 0 0
1 77 98 67 685 78 100 0 0 -7 141 0 0
1 43 99 1 2047 81 100 -2 0 -80 1638 0 0
1 44 99 67 687 81 100 -1 0 -14 278 0 0
1 44 99 67 687 81 100 -3 0 -33 673 0 0
1 44 99 81 409 81 100 -4 0 -19 395 0 0
1 44 99 81 409 81 100 -6 0 -19 396 0 0
1 45 99 81 409 81 100 -8 0 -19 396 0 0
1 45 99 81 409 81 100 -10 0 -19 397 0 0
1 64 99 100 6 81 100 19 0 0 0 0 0
1 55 99 100 6 81 100 9 0 0 0 0 0
1 51 99 100 6 81 100 6 0 0 0 0 0
1 51 99 100 6 81 100 6 0 0 0 0 0
1 53 99 100 6 81 100 9 0 0 0 0 0
1 53 99 100 6 81 100 8 0 0 0 0 0
1 46 99 100 6 81 100 2 0 0 0 0 0
1 47 99 1 2047 69 100 -10 0 -91 1874 0 0
1 46 99 89 233 69 100 -11 0 -3 66 0 0
1 48 99 89 227 69 100 -9 0 -4 68 0 0
1 59 99 91 185 69 100 2 0 -2 31 0 0
1 60 99 92 176 69 100 4 0 -1 22 0 0
1 56 99 92 175 69 100 -2 0 -2 36 0 0
1 56 99 92 173 69 100 0 0 -2 42 0 0
1 81 99 61 801 81 100 9 0 -4 69 0 0
1 80 99 62 791 81 100 -4 0 -4 84 0 0
1 79 99 62 791 81 100 -4 0 -5 103 0 0
1 78 99 62 780 81 100 -5 0 -6 108 0 0
1 78 99 64 753 81 100 -5 0 -4 81 0 0
1 76 99 64 753 81 100 -6 0 -5 102 0 0
1 75 99 65 732 81 100 -6 0 -4 81 0 0
1 49 99 59 858 79 100 3 0 -11 239 0 0
1 48 99 63 760 79 100 2 0 -10 193 0 0
1 48 99 64 754 79 100 2 0 -10 218 0 0
1 48 99 64 754 79 100 2 0 -10 218 0 0
1 48 99 64 753 79 100 1 0 -11 231 0 0
1 47 99 65 723 79 100 0 0 -10 201 0 0
1 46 99 70 619 79 100 -2 0 -7 141 0 0
1 73 99 56 921 81 100 -5 0 -34 697 0 0
1 64 99 83 365 81 100 -9 0 -7 142 0 0
1 83 99 83 355 81 100 0 0 -7 135 0 0
1 83 99 86 294 81 100 1 0 -4 74 0 0
1 81 99 1 2071 88 100 0 0 -95 1981 0 0
1 81 99 92 168 88 100 0 0 -4 86 0 0
1 81 99 93 144 88 100 0 0 -4 71 0 0
1 81 99 94 138 88 100 0 0 -4 80 0 0
1 81 99 95 118 88 100 0 0 -3 60 0 0
1 81 99 95 117 88 100 0 0 -3 59 0 0
1 81 99 96 90 88 100 0 0 -2 32 0 0
1 42 99 99 22 79 100 -19 0 0 0 0 0
1 48 99 99 22 79 100 -13 0 0 0 0 0
1 50 99 99 22 79 100 -27 0 0 0 0 0
1 50 99 99 22 79 100 -25 0 0 0 0 0
1 52 99 99 22 79 100 -17 0 0 0 0 0
1 54 99 99 22 79 100 -29 0 0 0 0 0
1 62 99 99 22 79 100 -20 0 0 0 0 0
1 39 99 82 385 79 100 -37 0 -8 174 0 0
1 44 99 82 385 79 100 -28 0 -8 174 0 0
1 44 99 83 368 79 100 -25 0 -7 157 0 0
1 44 99 83 363 79 100 -22 0 -7 154 0 0
1 45 99 83 363 79 100 -39 0 -7 156 0 0
1 45 99 83 359 79 100 -39 0 -7 153 0 0
1 50 99 90 215 79 100 -33 0 0 9 0 0
1 53 99 60 837 66 100 -28 0 -40 832 0 0
1 54 99 99 27 66 100 -27 0 -1 22 0 0
1 62 99 100 5 66 100 -19 0 0 0 0 0
1 81 99 100 5 66 100 0 0 0 0 0 0
1 81 99 100 5 66 100 0 0 0 0 0 0
1 81 99 100 5 66 100 0 0 0 0 0 0
1 81 99 100 5 66 100 0 0 0 0 0 0
1 80 99 61 812 81 100 5 0 -11 221 0 0
1 79 99 63 776 81 100 4 0 -10 208 0 0
1 79 99 63 776 81 100 6 0 -10 208 0 0
1 78 99 65 737 81 100 6 0 -10 210 0 0
1 78 99 67 689 81 100 -6 0 -10 199 0 0
1 77 99 70 634 81 100 -7 0 -7 144 0 0
1 76 99 70 634 81 100 -7 0 -9 184 0 0
1 83 99 99 37 81 100 26 0 0 0 0 0
1 82 99 99 37 81 100 26 0 0 0 0 0
1 75 99 99 37 81 100 19 0 0 0 0 0
1 66 99 99 37 81 100 10 0 0 0 0 0
1 59 99 99 37 81 100 5 0 0 0 0 0
1 58 99 99 37 81 100 4 0 0 0 0 0
1 57 99 99 37 81 100 4 0 0 0 0 0
1 64 99 60 837 81 100 -1 0 -34 707 0 0
1 64 99 92 171 81 100 1 0 -2 41 0 0
1 64 99 92 171 81 100 -1 0 -2 41 0 0
1 83 98 59 855 84 100 7 0 -12 248 0 0
1 81 98 62 781 84 100 -1 0 -9 183 0 0
1 78 98 62 781 84 100 -3 0 -11 220 0 0
1 84 98 66 714 84 100 6 0 -7 153 0 0
1 83 98 66 714 84 100 8 0 -9 197 0 0
1 81 98 69 654 84 100 -2 0 -6 137 0 0
1 80 98 69 654 84 100 -1 0 -9 192 0 0
1 53 99 44 1161 84 100 -16 0 -34 704 0 0
1 67 99 64 741 84 100 -2 0 -15 291 0 0
1 69 99 64 741 84 100 -4 0 -16 310 0 0
1 69 99 66 715 84 100 -2 0 -14 285 0 0
1 68 99 66 704 84 100 -4 0 -14 274 0 0
1 67 99 76 511 84 100 -3 0 -10 206 0 0
1 63 99 76 500 84 100 -6 0 -11 222 0 0
1 81 100 51 1025 87 100 3 0 -20 416 0 0
1 78 100 62 792 87 100 3 0 -9 183 0 0
1 69 100 62 790 87 100 -9 0 -10 208 0 0
1 79 100 65 739 87 100 4 0 -7 159 0 0
1 78 100 65 739 87 100 2 0 -13 273 0 0
1 78 100 68 678 87 100 10 0 -10 212 0 0
1 71 99 1 2047 81 100 -12 0 -95 1953 0 0
1 84 99 94 126 81 100 1 0 -2 32 0 0
1 84 99 94 126 81 100 1 0 -2 34 0 0
1 83 99 95 107 81 100 1 0 -1 16 0 0
1 83 99 95 107 81 100 1 0 -1 16 0 0
1 83 99 95 107 81 100 1 0 -1 16 0 0
1 83 99 95 107 81 100 2 0 -1 23 1 0
1 54 99 62 889 81 100 0 0 -37 865 0 0
1 54 99 79 496 81 100 -5 0 -20 473 0 0
1 53 99 79 496 81 100 -6 0 -20 473 0 0
1 53 99 91 190 81 100 -5 0 -8 167 0 0
1 53 99 99 28 81 100 -16 0 0 6 0 0
1 54 99 99 24 81 100 -14 0 0 2 0 0
1 54 99 99 24 81 100 -13 0 0 2 0 0
1 79 99 45 1179 81 100 1 0 -19 390 0 0
1 79 99 64 799 81 100 1 0 0 10 0 0
1 79 99 64 796 81 100 1 0 0 7 0 0
1 79 99 64 795 81 100 1 0 0 6 0 0
1 79 99 64 791 81 100 1 0 -4 86 0 0
1 79 99 64 791 81 100 1 0 -5 102 0 0
1 79 99 64 789 81 100 1 0 -23 470 0 0
1 77 99 1 2047 84 100 -5 0 -65 1327 0 0
1 77 99 65 742 84 100 -4 0 -1 22 0 0
1 81 99 65 742 84 100 1 0 -2 38 0 0
1 80 99 65 728 84 100 2 0 -2 24 0 0
1 78 99 65 728 84 100 3 0 -2 24 0 0
1 75 99 66 725 84 100 2 0 -1 25 0 0
1 84 99 66 725 84 100 11 0 -1 25 0 0
1 78 99 54 958 83 100 0 0 -42 861 0 0
1 76 99 68 658 83 100 -6 0 -28 561 0 0
1 72 99 69 651 83 100 -11 0 -30 619 0 0
1 83 99 92 173 83 100 3 0 -7 141 0 0
1 83 99 92 171 83 100 6 0 -8 161 0 0
1 82 99 92 171 83 100 1 0 -8 161 0 0
1 81 99 96 98 83 100 -3 0 -4 96 0 0
1 39 99 98 44 69 100 -23 0 -1 12 0 0
1 51 99 98 41 69 100 -10 0 -1 9 0 0
1 51 99 99 40 69 100 -9 0 0 8 0 0
1 54 99 99 36 69 100 -6 0 0 5 0 0
1 60 99 99 35 69 100 0 0 0 4 0 0
1 59 99 99 35 69 100 1 0 0 4 0 0
1 57 99 99 35 69 100 0 0 0 4 0 0
1 72 99 61 810 78 100 -5 0 -1 31 0 0
1 72 99 62 793 78 100 -2 0 0 14 0 0
1 71 99 62 789 78 100 1 0 -1 14 0 0
1 72 99 62 789 78 100 9 0 -1 28 0 0
1 81 99 62 783 78 100 18 0 -1 25 0 0
1 81 99 62 782 78 100 18 0 -1 24 0 0
1 78 99 62 781 78 100 15 0 -1 23 0 0
1 75 99 60 824 76 100 -6 0 -17 349 0 0
1 66 99 63 764 76 100 -14 0 -15 306 -3 0
1 84 99 63 764 76 100 6 0 -16 314 -3 0
1 83 99 67 696 76 100 6 0 -13 266 -3 0
1 82 99 67 692 76 100 7 0 -14 292 -3 0
1 81 99 70 627 76 100 7 0 -11 227 -3 0
1 81 99 77 475 76 100 -3 0 -5 92 -3 0
1 43 99 53 968 84 100 -41 0 -45 923 0 0
1 67 99 98 45 84 100 -16 0 0 0 0 0
1 73 99 98 45 84 100 -9 0 0 0 0 0
1 76 99 98 45 84 100 -4 0 0 0 0 0
1 80 99 98 45 84 100 1 0 0 0 0 0
1 77 99 98 45 84 100 1 0 0 0 0 0
1 75 99 98 45 84 100 -8 0 0 0 0 0
1 43 99 97 84 84 100 -21 0 -1 35 0 0
1 44 99 97 72 84 100 -21 0 -1 23 0 0
1 44 99 97 68 84 100 -21 0 -1 19 0 0
1 44 99 98 63 84 100 -23 0 0 14 0 0
1 49 99 98 56 84 100 -17 0 0 7 0 0
1 51 99 98 56 84 100 -17 0 0 7 0 0
1 65 99 98 49 84 100 -3 0 0 0 0 0
1 69 99 61 811 81 100 12 0 -2 45 0 0
1 68 99 62 783 81 100 12 0 -1 18 0 0
1 78 99 63 769 81 100 22 0 0 5 0 0
1 77 99 63 769 81 100 21 0 0 5 0 0
1 73 99 63 768 81 100 17 0 -2 41 0 0
1 70 99 63 768 81 100 12 0 -7 152 0 0
1 57 99 63 766 81 100 0 0 -9 175 0 0
1 64 98 41 1212 81 100 -2 0 -39 800 0 0
1 63 98 80 422 81 100 -2 0 0 10 0 0
1 62 98 80 422 81 100 6 0 0 10 0 0
1 62 98 80 422 81 100 -18 0 -4 84 0 0
1 69 98 80 418 81 100 -9 0 -4 80 0 0
1 69 98 80 412 81 100 -8 0 -4 74 0 0
1 68 98 80 412 81 100 -7 0 -4 74 0 0
1 36 99 100 16 76 100 -47 0 0 14 0 0
1 84 99 100 13 76 100 1 0 0 11 0 0
1 84 99 100 2 76 100 1 0 0 0 0 0
1 84 99 100 2 76 100 1 0 0 0 0 0
1 83 99 100 2 76 100 0 0 0 0 0 0
1 83 99 100 2 76 100 0 0 0 0 0 0
1 83 99 100 2 76 100 0 0 0 0 0 0
1 43 99 100 0 82 100 -4 0 0 0 0 0
1 47 99 100 0 82 100 0 0 0 0 0 0
1 47 99 100 0 82 100 -1 0 0 0 0 0
1 46 99 100 0 82 100 -3 0 0 0 0 0
1 47 99 100 0 82 100 -1 0 0 0 0 0
1 47 99 100 0 82 100 -1 0 0 0 0 0
1 48 99 100 0 82 100 1 0 0 0 0 0
1 81 99 46 1124 80 100 0 0 -46 955 0 0
1 81 99 82 379 80 100 0 0 -10 210 0 0
1 81 99 82 379 80 100 0 0 -10 211 0 0
1 81 99 90 223 80 100 0 0 -10 216 0 0
1 81 99 90 223 80 100 0 0 -10 216 0 0
1 81 99 92 169 80 100 0 0 -8 162 0 0
1 81 99 92 169 80 100 0 0 -8 162 0 0
1 73 99 61 808 79 100 2 0 -7 140 0 0
1 73 99 62 779 79 100 2 0 -6 111 0 0
1 73 99 63 775 79 100 2 0 -6 123 0 0
1 72 99 63 759 79 100 1 0 -6 108 0 0
1 72 99 65 724 79 100 2 0 -4 87 0 0
1 71 99 65 724 79 100 -1 0 -6 111 0 0
1 71 99 66 698 79 100 2 0 -6 106 0 0
1 62 99 12 1811 78 100 -2 0 -52 1073 0 0
1 47 99 1 2047 83 100 -25 0 -90 1840 0 0
1 47 99 72 587 83 100 -31 0 -19 381 0 0
1 54 99 88 259 83 100 -24 0 -3 53 0 0
1 48 99 88 259 83 100 -28 0 -3 54 0 0
1 57 99 89 247 83 100 -17 0 -2 44 0 0
1 60 99 90 214 83 100 -11 0 -1 11 0 0
1 65 99 90 214 83 100 -10 0 -1 13 0 0
1 82 99 33 1385 45 100 8 0 -67 1382 -2 0
1 82 99 87 284 45 100 0 0 -13 281 -3 0
1 82 99 100 6 46 100 1 0 0 3 -2 0
1 81 99 100 3 46 100 6 0 0 0 -2 0
1 81 99 100 3 46 100 6 0 0 0 -3 0
1 79 99 100 3 46 100 4 0 0 0 -4 0
1 75 99 100 3 47 100 0 0 0 0 -3 0
1 43 99 99 22 79 100 -38 0 -1 11 0 0
1 44 99 100 15 79 100 -37 0 0 4 0 0
1 47 99 100 11 79 100 -34 0 0 0 0 0
1 50 99 100 11 79 100 -29 0 0 0 0 0
1 73 99 100 11 79 100 -5 0 0 0 0 0
1 82 99 100 11 79 100 4 0 0 0 0 0
1 81 99 100 11 79 100 6 0 0 0 0 0
1 42 99 95 113 79 100 -6 0 0 2 0 0
1 44 99 95 113 79 100 -4 0 0 2 0 0
1 48 99 95 113 79 100 0 0 0 2 0 0
1 47 99 95 113 79 100 -1 0 0 2 0 0
1 47 99 95 113 79 100 -1 0 0 2 0 0
1 47 99 95 113 79 100 -1 0 0 2 0 0
1 47 99 95 111 79 100 -1 0 0 0 0 0
1 63 99 1 2047 79 100 -19 0 -99 2045 0 0
1 82 99 100 11 79 100 0 0 0 9 0 0
1 82 99 100 9 79 100 1 0 0 7 0 0
1 82 99 100 9 79 100 1 0 0 7 0 0
1 82 99 100 3 79 100 1 0 0 1 0 0
1 82 99 100 3 79 100 1 0 0 1 0 0
1 82 99 100 2 79 100 1 0 0 0 0 0
1 64 99 54 1021 83 100 -4 0 -38 825 0 0
1 64 99 70 699 83 100 -2 0 -24 559 0 0
1 64 99 78 502 83 100 -6 0 -17 384 0 0
1 75 99 83 395 83 100 3 0 -14 317 0 0
1 69 99 84 387 83 100 -7 0 -13 312 0 0
1 68 99 87 323 83 100 -8 0 -10 254 0 0
1 68 99 88 282 83 100 -9 0 -10 237 0 0
1 82 99 21 1621 83 100 11 0 -72 1459 0 0
1 81 99 92 166 83 100 -3 0 -1 4 0 0
1 81 99 92 166 83 100 -2 0 -1 4 0 0
1 80 99 93 162 83 100 -1 0 0 2 0 0
1 79 99 93 162 83 100 -2 0 0 2 0 0
1 76 99 93 162 83 100 -5 0 0 2 0 0
1 73 99 93 162 83 100 -8 0 0 2 0 0
1 60 99 1 2047 79 100 -3 0 -94 1940 0 0
1 81 99 95 109 79 100 24 0 0 2 0 0
1 81 99 95 109 79 100 25 0 0 2 0 0
1 79 99 95 109 79 100 23 0 0 2 0 0
1 71 99 95 107 79 100 14 0 0 0 0 0
1 67 99 95 107 79 100 8 0 0 0 0 0
1 66 99 95 107 79 100 7 0 0 0 0 0
1 81 99 51 1015 84 100 12 0 -39 809 0 0
1 75 99 63 774 84 100 -7 0 -28 583 0 0
1 83 99 73 558 84 100 2 0 -18 367 0 0
1 82 99 74 536 84 100 4 0 -18 356 0 0
1 81 99 84 340 84 100 10 0 -8 170 0 0
1 78 99 90 222 84 100 -4 0 -3 67 0 0
1 74 99 90 206 84 100 -7 0 -3 51 0 0
1 43 99 99 21 70 100 -10 0 0 0 0 0
1 45 99 99 21 70 100 -8 0 0 0 0 0
1 44 99 99 21 70 100 -9 0 0 0 0 0
1 47 99 99 21 70 100 -6 0 0 0 0 0
1 53 99 99 21 70 100 0 0 0 0 0 0
1 71 99 99 21 70 100 17 0 0 0 0 0
1 54 99 99 21 70 100 0 0 0 0 0 0
1 45 99 82 378 81 100 1 0 -17 338 0 0
1 45 99 84 343 81 100 0 0 -15 319 0 0
1 45 99 85 322 81 100 0 0 -15 308 0 0
1 45 99 88 247 81 100 1 0 -12 239 0 0
1 46 99 90 209 81 100 1 0 -10 201 0 0
1 46 99 94 141 81 100 2 0 -6 135 0 0
1 45 99 95 104 81 100 0 0 -5 98 0 0
1 81 99 60 822 79 100 -2 0 -5 83 0 0
1 81 99 62 794 79 100 -2 0 -3 72 0 0
1 81 99 62 794 79 100 0 0 -4 88 0 0
1 79 99 64 757 79 100 -2 0 -3 64 0 0
1 78 99 64 757 79 100 -3 0 -3 64 0 0
1 76 99 64 752 79 100 -4 0 -3 59 0 0
1 63 99 65 739 79 100 -15 0 -2 49 0 0
1 78 98 57 897 63 100 1 0 -42 860 0 0
1 78 98 97 76 63 100 1 0 -2 39 0 0
1 78 98 97 75 63 100 1 0 -3 69 0 0
1 78 98 99 37 63 100 1 0 -1 31 0 0
1 78 98 99 37 63 100 1 0 -1 31 0 0
1 78 98 99 37 63 100 1 0 -1 31 0 0
1 78 98 99 37 63 100 1 0 -1 31 0 0
1 71 99 11 1840 37 100 -3 0 -88 1807 0 0
1 83 99 99 33 37 100 3 0 0 0 0 0
1 82 99 99 33 37 100 3 0 0 0 0 0
1 81 99 99 33 37 100 0 0 0 0 0 0
1 81 99 99 33 37 100 0 0 0 0 0 0
1 79 99 99 33 37 100 0 0 0 0 0 0
1 77 99 99 33 37 100 -1 0 0 0 0 0
1 65 99 60 820 82 100 -13 0 -40 801 0 0
1 67 99 84 336 82 100 -10 0 -16 317 0 0
1 66 99 84 329 82 100 -10 0 -16 310 0 0
1 78 100 62 1069 80 100 3 0 -24 780 0 0
1 78 100 70 631 80 100 9 0 -16 342 0 0
1 78 100 72 576 80 100 -5 0 -14 287 0 0
1 78 100 75 530 80 100 -5 0 -11 241 0 0
1 78 100 81 407 80 100 -4 0 -5 118 0 0
1 78 100 81 407 80 100 -3 0 -5 118 0 0
1 78 100 86 289 80 100 -3 0 0 0 0 0
1 75 99 58 873 83 100 -4 0 -16 333 0 0
1 83 99 62 798 83 100 7 0 -14 288 0 0
1 83 99 62 798 83 100 8 0 -14 288 0 0
1 82 99 66 697 83 100 -1 0 -12 228 0 0
1 81 99 66 697 83 100 -2 0 -12 228 0 0
1 81 99 70 617 83 100 -1 0 -8 148 0 0
1 79 99 74 540 83 100 1 0 -4 88 0 0
1 73 99 54 954 82 100 -5 0 -46 952 0 0
1 64 99 76 495 82 100 -5 0 -24 493 1 0
1 83 99 81 399 82 100 0 0 -19 397 1 0
1 82 99 84 335 82 100 0 0 -16 333 1 0
1 81 99 86 295 82 100 0 0 -14 293 1 0
1 79 99 100 2 82 100 0 0 0 0 1 0
1 78 99 100 2 82 100 1 0 0 0 1 0
1 66 99 61 804 82 100 -5 0 -9 174 0 0
1 64 99 63 758 82 100 -9 0 -7 142 0 0
1 65 99 65 725 82 100 -8 0 -6 126 0 0
1 65 99 66 712 82 100 -11 0 -6 122 0 0
1 64 99 66 698 82 100 -11 0 -6 110 1 0
1 65 99 67 677 82 100 -8 0 -5 101 1 0
1 66 99 69 644 82 100 -5 0 -3 68 1 0
1 53 99 51 1009 83 100 0 0 -24 494 0 0
1 65 99 75 529 83 100 12 0 -1 28 0 0
1 63 99 75 529 83 100 9 0 -4 79 0 0
1 61 99 75 528 83 100 7 0 -8 163 0 0
1 60 99 75 528 83 100 1 0 -14 296 0 0
1 55 99 75 525 83 100 -4 0 -15 302 0 0
1 54 99 75 520 83 100 -23 0 -17 343 0 0
1 43 99 100 3 87 100 -11 0 0 0 0 0
1 47 99 100 3 87 100 -14 0 0 0 0 0
1 53 99 100 3 87 100 -11 0 0 0 0 0
1 53 99 100 3 87 100 -11 0 0 0 0 0
1 53 99 100 3 87 100 -11 0 0 0 0 0
1 53 99 100 3 87 100 -11 0 0 0 0 0
1 54 99 100 3 87 100 -10 0 0 0 0 0
1 43 99 100 27 83 100 -41 0 0 1 0 0
1 67 99 100 26 83 100 -16 0 0 0 0 0
1 66 99 100 26 83 100 -16 0 0 0 0 0
1 66 99 100 26 83 100 -15 0 0 0 0 0
1 64 99 100 26 83 100 -17 0 0 0 0 0
1 62 99 100 26 83 100 -21 0 0 0 0 0
1 69 99 100 26 83 100 -8 0 0 0 0 0
1 73 99 49 1062 65 100 -11 0 -51 1059 0 0
1 72 99 76 499 65 100 -11 0 -24 496 0 0
1 71 99 100 3 65 100 -12 0 0 0 0 0
1 70 99 100 3 65 100 -13 0 0 0 0 0
1 67 99 100 3 65 100 -16 0 0 0 0 0
1 84 99 100 3 65 100 1 0 0 0 0 0
1 84 99 100 3 65 100 1 0 0 0 0 0
1 34 99 85 319 67 100 -18 0 -15 318 0 0
1 46 99 85 319 67 100 -7 0 -15 318 0 0
1 46 99 88 256 67 100 -9 0 -12 255 0 0
1 48 99 93 159 67 100 -7 0 -7 158 0 0
1 48 99 93 159 67 100 -8 0 -7 158 0 0
1 48 99 100 2 67 100 -8 0 0 1 0 0
1 50 99 100 2 67 100 -6 0 0 1 0 0
1 52 99 56 913 81 100 0 0 -40 830 0 0
1 52 99 69 637 81 100 0 0 -27 554 0 0
1 52 99 93 145 81 100 0 0 -3 62 0 0
1 52 99 93 145 81 100 1 0 -3 62 0 0
1 52 99 96 88 81 100 1 0 -1 19 0 0
1 52 99 96 83 81 100 1 0 -1 14 0 0
1 52 99 96 83 81 100 1 0 -2 34 0 0
1 39 99 98 42 83 100 -44 0 -1 13 0 0
1 49 99 98 42 83 100 -33 0 -1 15 0 0
1 57 99 99 32 83 100 -24 0 0 5 0 0
1 56 99 99 32 83 100 -25 0 0 7 0 0
1 54 99 99 32 83 100 -23 0 0 7 0 0
1 76 99 99 32 83 100 9 0 0 7 0 0
1 70 99 99 29 83 100 -8 0 0 4 0 0
1 73 99 27 1506 74 100 -7 0 -73 1506 0 0
1 73 99 100 0 74 100 -7 0 0 0 0 0
1 76 99 100 0 74 100 0 0 0 0 0 0
1 80 99 100 0 74 100 6 0 0 0 0 0
1 83 99 100 0 74 100 -1 0 0 0 0 0
1 81 99 100 0 74 100 -2 0 0 0 0 0
1 82 99 100 0 74 100 0 0 0 0 0 0
1 47 99 2 2015 79 100 -36 0 -92 1881 0 0
1 54 99 93 152 79 100 -29 0 -1 18 0 0
1 76 99 94 135 79 100 -6 0 0 1 0 0
1 75 99 94 135 79 100 -6 0 0 1 0 0
1 73 99 94 135 79 100 -8 0 0 1 0 0
1 71 99 94 134 79 100 -9 0 0 0 0 0
1 69 99 94 134 79 100 -7 0 0 0 0 0
1 63 99 4 2047 82 100 -18 0 -95 1994 0 0
1 66 99 93 188 82 100 -15 0 -6 135 0 0
1 70 99 93 178 82 100 -11 0 -6 125 0 0
1 81 99 95 131 82 100 0 0 -4 78 0 0
1 81 99 99 53 82 100 0 0 0 0 0 0
1 81 99 99 53 82 100 0 0 0 0 0 0
1 81 99 99 53 82 100 0 0 0 0 0 0
1 51 99 32 1423 83 100 -32 0 -68 1416 0 0
1 81 99 100 8 83 100 -1 0 0 1 0 0
1 80 99 100 7 83 100 -1 0 0 0 0 0
1 78 99 100 7 83 100 -2 0 0 0 0 0
1 77 99 100 7 83 100 -1 0 0 0 0 0
1 73 99 100 7 83 100 -3 0 0 0 0 0
1 84 99 100 7 83 100 9 0 0 0 0 0
1 60 99 57 897 82 100 0 0 -27 566 0 0
1 57 99 62 796 82 100 -2 0 -26 539 1 0
1 58 99 63 762 82 100 -6 0 -34 691 1 0
1 59 99 73 572 82 100 -3 0 -24 501 1 0
1 61 99 80 419 82 100 -4 0 -19 385 1 0
1 60 99 80 418 82 100 -14 0 -19 387 1 0
1 60 99 84 336 82 100 -14 0 -15 305 1 0
1 82 99 97 75 70 100 4 0 0 3 0 0
1 81 99 97 73 70 100 3 0 0 1 0 0
1 81 99 97 73 70 100 4 0 0 1 0 0
1 81 99 97 73 70 100 5 0 0 1 0 0
1 80 99 97 73 70 100 6 0 0 1 0 0
1 79 99 97 73 70 100 7 0 0 1 0 0
1 79 99 97 73 70 100 15 0 0 2 0 0
1 82 99 1 2047 81 100 0 0 -99 2030 0 0
1 82 99 78 463 81 100 0 0 -22 446 0 0
1 82 99 88 266 81 100 1 0 -12 249 0 0
1 82 99 88 266 81 100 1 0 -12 249 0 0
1 82 99 88 266 81 100 1 0 -12 249 0 0
1 82 99 88 266 81 100 1 0 -12 249 0 0
1 82 99 100 18 81 100 1 0 0 1 0 0
1 78 99 92 2217 81 100 0 0 0 1903 0 0
1 78 99 92 768 81 100 0 0 -6 670 0 0
1 78 99 92 411 81 100 0 0 -6 313 0 0
1 78 99 92 405 81 100 0 0 -7 356 0 0
1 78 99 92 401 81 100 0 0 -7 356 0 0
1 78 99 92 352 81 100 0 0 -7 307 0 0
1 78 99 92 330 81 100 0 0 -7 298 0 0
1 43 99 100 2 81 100 -35 0 0 0 0 0
1 46 99 100 2 81 100 -32 0 0 0 0 0
1 81 99 100 2 81 100 3 0 0 0 0 0
1 81 99 100 2 81 100 6 0 0 0 0 0
1 81 99 100 2 81 100 6 0 0 0 0 0
1 80 99 100 2 81 100 10 0 0 0 0 0
1 79 99 100 2 81 100 0 0 0 0 0 0
1 40 99 100 2 81 100 -44 0 0 2 0 0
1 49 99 100 0 81 100 -35 0 0 0 0 0
1 84 99 100 0 81 100 1 0 0 0 0 0
1 84 99 100 0 81 100 1 0 0 0 0 0
1 84 99 100 0 81 100 1 0 0 0 0 0
1 84 99 100 0 81 100 1 0 0 0 0 0
1 84 99 100 0 81 100 1 0 0 0 0 0
1 51 98 99 29 79 100 -8 0 -1 15 0 0
1 51 98 99 29 79 100 -7 0 -1 15 0 0
1 50 98 99 21 79 100 -8 0 -1 7 0 0
1 50 98 99 21 79 100 -8 0 -1 8 0 0
1 49 98 100 17 79 100 -9 0 0 4 0 0
1 49 98 100 16 79 100 -9 0 0 7 0 0
1 59 98 100 14 79 100 2 0 0 6 0 0
